Feature	Gain	Cover	Frequency
ctrx_quarter	0.128611589952677	0.0149774110775416	0.00868002447231569
rf_003_005	0.0595756722706899	0.00182367892120007	0.000439736922606302
mcaja_ahorro	0.0451787215948966	0.00691934201692925	0.0124082288161517
ctarjeta_visa	0.0285358887836193	0.000332141291884017	0.000382379932701132
mcuentas_saldo	0.0273527392414177	0.0148804096649793	0.0129435607219333
cdescubierto_preacordado_delta2	0.0244190245628539	0.000854150733440513	0.000267665952890792
rf_001_006	0.0219356081790623	0.00117074297452782	0.000669164882226981
mcuenta_corriente	0.0193397451034637	0.00789544946226345	0.00718874273478128
foto_mes	0.0185442472046778	0.0161000029664309	0.0143010094830223
Visa_status	0.0169505291978692	0.0026808812387307	0.000860354848577547
mprestamos_personales	0.0145965970200791	0.00967666683031539	0.0046267971856837
rf_016_007	0.013671591265159	0.00499201420693029	0.00302080146833894
rf_009_003	0.0135398356727966	0.00846372220613326	0.00156775772407464
rf_007_004	0.0127695948615389	0.00183089232408312	0.001013306821658
cpayroll_trx	0.0119834924769091	0.00481849571650638	0.00214132762312634
cdescubierto_preacordado	0.011480330676172	0.00226634813723977	0.00122361578464362
cproductos_delta2	0.00826238057927206	0.00691124849722425	0.00277225451208321
rf_009_014	0.00816387398516516	9.45882974985726e-05	0.00011471397981034
ctrx_quarter_delta1	0.00723098735489413	0.00405032643944881	0.00680636280208015
cproductos_delta1	0.00721701394428231	0.00710153364547831	0.00193101866014072
mtarjeta_visa_consumo	0.00688917692237655	0.0107498129202281	0.00927271336800245
Visa_mpagominimo	0.00624560609523623	0.013400718302396	0.0132685836647293
mcuentas_saldo_delta2	0.00624301989033631	0.0075239805921702	0.00858442948914041
mrentabilidad_annual_lag2	0.00555789208101126	0.00403366931580829	0.0079726215968186
ctrx_quarter_delta2	0.0050534650963484	0.00608547288385594	0.00732257571122668
ccomisiones_mantenimiento_delta2	0.00495890480790569	0.0043299333564565	0.00187366167023555
ctarjeta_visa_transacciones	0.00494641628383838	0.00494679340107095	0.00678724380544509
mrentabilidad_annual_delta1	0.00487566114898004	0.00450613423349363	0.00829764453961456
cprestamos_personales_delta2	0.00481940507990264	0.00139045726922274	0.000745640868767207
mactivos_margen	0.00469120948632663	0.00661403179737411	0.00894769042520649
mpasivos_margen	0.00460106759833579	0.00360564717494673	0.00759024166411747
mrentabilidad_annual_lag1	0.00452994724839959	0.00320315226522691	0.00789614561027837
rf_015_011	0.00442871812564037	0.00601127067657651	0.00133832976445396
mpayroll	0.00439195211798598	0.00268238877507749	0.00378556133374121
Master_status	0.00436317301388919	0.00191159716304575	0.000688283878862037
mprestamos_personales_delta2	0.00428356588464134	0.00731879831371298	0.00273401651881309
cliente_edad_lag2	0.00425211471720379	0.00558927844089553	0.0089859284184766
Visa_mpagominimo_delta1	0.00420929088443041	0.00983693360544621	0.00657693484245947
rf_008_011	0.00390877021773653	0.00190635009103186	0.000860354848577547
cliente_edad	0.00390101940399807	0.00985322585532784	0.00824028754970939
Visa_mfinanciacion_limite	0.00379838916857349	0.00310428108483108	0.00508565310492505
rf_010_006	0.00379734041680405	0.000551685760543698	0.000726521872132151
Master_fechaalta	0.00376943015734155	0.00485761263356582	0.00858442948914041
cproductos	0.00373737623221263	0.00808851548181878	0.00762847965738758
rf_013_000	0.00356242234241127	0.000168177257439987	0.000152951973080453
mcuentas_saldo_delta1	0.0034791915610748	0.00722607209743817	0.00718874273478128
rf_018_006	0.00345299323803916	0.00114047694844512	0.000994187825022943
rf_011_003	0.00337236522059277	0.00350648918792278	0.000936830835117773
Visa_msaldototal	0.003356332256828	0.00815639593295182	0.00875650045885592
Visa_fechaalta	0.00334782128155598	0.00451814888502224	0.00869914346895075
Visa_Fvencimiento	0.00332297036005628	0.00524117470273157	0.00755200367084735
mcomisiones_lag2	0.00332072619998669	0.00275811028882495	0.00636662587947385
numero_de_cliente	0.00332061869527602	0.00526580860569077	0.00829764453961456
rf_010_008	0.00330349394764192	0.000277276192792765	0.000152951973080453
mcuenta_corriente_lag1	0.0032992216941136	0.00722796348386178	0.00481798715203426
mcuenta_corriente_delta2	0.00329508640363239	0.00413002385211469	0.00504741511165494
mrentabilidad_annual	0.00328307872624451	0.00298294362543931	0.00640486387274396
ctarjeta_visa_delta2	0.00319943834300671	0.000770635477770198	0.000210308962985623
Visa_mpagominimo_lag1	0.00316537157616227	0.00506867180562731	0.00701667176506577
Master_mpagominimo	0.00316081127231642	0.00781272640781553	0.00472239216885898
mrentabilidad_annual_delta2	0.00311449450021376	0.00388333099826538	0.00653869684918935
mcomisiones_mantenimiento	0.00310081267352114	0.00716282378953512	0.00521948608137045
mactivos_margen_lag1	0.00309772814725712	0.00489625201999151	0.00705490975833588
mttarjeta_visa_debitos_automaticos_delta2	0.00303526924498176	0.00455295769749602	0.00544891404099113
mcomisiones_lag1	0.00286663119791339	0.0023930585368809	0.00716962373814622
mtarjeta_master_consumo	0.0028555071539174	0.00387130097351718	0.00198837565004589
mcomisiones	0.0028020324304101	0.00398728759166278	0.00802997858672377
mcuentas_saldo_lag2	0.00279356876580562	0.00319464559024522	0.00571657999388192
internet	0.00277696388348012	0.00569559122040281	0.0029060874885286
cliente_edad_lag1	0.00273962756788946	0.00498085397012213	0.00613719791985317
mrentabilidad	0.00268873677547846	0.00277068029791152	0.00640486387274396
mprestamos_personales_lag2	0.00267631362771715	0.00256553092775251	0.00187366167023555
Master_Fvencimiento	0.00260129171812251	0.00230808306555537	0.00642398286937902
cliente_antiguedad_lag1	0.00257347434702738	0.00582595780403603	0.007093147751606
mcuentas_saldo_lag1	0.00256008549798062	0.00215532634840452	0.00558274701743653
chomebanking_transacciones_lag1	0.00255087528202341	0.00189709973655214	0.00583129397369226
mcomisiones_mantenimiento_delta2	0.00253222529060192	0.00320494852985427	0.00372820434383604
chomebanking_transacciones	0.00252788967127777	0.00255615638648323	0.00560186601407158
ctarjeta_master_delta2	0.00251550077171479	0.000524447297895491	0.000229427959620679
ctarjeta_visa_transacciones_delta2	0.00250296032037783	0.00511939982720093	0.0039193943101866
Visa_Fvencimiento_lag1	0.00246111899983036	0.0028361144854761	0.00529596206791068
mactivos_margen_lag2	0.00241345907642742	0.00501342477811169	0.0055062710308963
Visa_fechaalta_lag2	0.00238134520565386	0.00307936493916833	0.00552539002753136
mprestamos_personales_lag1	0.00235556810955053	0.00171367200506481	0.00179718568369532
Visa_Fvencimiento_lag2	0.00235103819893559	0.0043173525380749	0.00588865096359743
Master_fechaalta_lag1	0.00228771677613679	0.0059426950676698	0.00657693484245947
internet_lag1	0.00228363690118184	0.0043000968196963	0.00244723156928724
mcaja_ahorro_lag1	0.0022543803429971	0.00479984824134109	0.00690195778525543
Visa_mconsumototal	0.00224970977462317	0.00241038415536735	0.00541067604772102
Visa_fechaalta_lag1	0.00219983597429394	0.00380529173145703	0.0065195778525543
mpasivos_margen_lag2	0.00216501083349197	0.00293733320454579	0.0055062710308963
mcomisiones_mantenimiento_delta1	0.00215071316941059	0.00359957979754337	0.00349877638421536
Master_fechaalta_lag2	0.0021479766717382	0.00386960391419754	0.0059460079535026
chomebanking_transacciones_lag2	0.00212948994321839	0.00189160020744767	0.00476063016212909
mpasivos_margen_lag1	0.00211908311039482	0.00231369645256748	0.00560186601407158
Master_Fvencimiento_lag2	0.00209283220003371	0.0045909004849087	0.00506653410829
mtransferencias_recibidas	0.00208811426359808	0.00314951918556247	0.00455032119914347
mactivos_margen_delta1	0.00207897153940423	0.00245375969446187	0.00529596206791068
cliente_antiguedad_lag2	0.00204488522586841	0.00376487938043994	0.00602248394004283
rf_009_014_lag1	0.00202476038843568	7.75285876698461e-05	0.00011471397981034
Visa_cconsumos	0.00201612129349384	0.00214648266362446	0.00497093912511472
mrentabilidad_lag2	0.00199748485065998	0.00322411629242031	0.00499005812174977
Visa_mpagominimo_lag2	0.00199274368062077	0.00397823829007061	0.00506653410829
rf_006_004	0.00196035838515625	0.000810669023048145	0.00130009177118385
cliente_antiguedad	0.00194712235502457	0.00633914229692386	0.006079840929948
Visa_mpagominimo_delta2	0.00193493196276002	0.00374123512849233	0.00521948608137045
mttarjeta_visa_debitos_automaticos_lag2	0.0019319913537098	0.00412442992183363	0.00447384521260324
mrentabilidad_delta2	0.00193178191501268	0.00240308139564539	0.00456944019577853
mprestamos_personales_delta1	0.00191145368995309	0.00601334461998285	0.00170159070052004
mcaja_ahorro_lag2	0.00189855356093168	0.00203602247771763	0.00552539002753136
mcuenta_corriente_lag2	0.00189650185463648	0.00217919303162318	0.00376644233710615
ccallcenter_transacciones_delta2	0.00186358609766265	0.00375151813095721	0.00151040073416947
kmes	0.00186216870117271	0.00169124463953097	0.00395763230345671
mactivos_margen_delta2	0.00184028698756007	0.00226228720520045	0.00441648822269807
mcomisiones_mantenimiento_lag2	0.0018304342450768	0.00630551794297876	0.00399587029672683
mrentabilidad_delta1	0.00182452939229454	0.00232246351145611	0.00573569899051698
mpasivos_margen_delta1	0.00181982462653603	0.00171230306790096	0.00445472621596819
Master_mfinanciacion_limite	0.00181862045525161	0.00165520452825005	0.00428265524625268
kmes_lag1	0.00181585479571035	0.00178821962937207	0.00351789538085041
Visa_mconsumototal_lag2	0.00177282352894868	0.00276564412725398	0.00418706026307739
mpasivos_margen_delta2	0.00176303276333916	0.00279646455006842	0.00397675130009177
Visa_cconsumos_lag2	0.00175592029333464	0.00219724191205039	0.00382379932701132
Master_Fvencimiento_lag1	0.001717245545037	0.00219191941517784	0.00432089323952279
ctrx_quarter_lag1	0.00171683055427021	0.00264913169695684	0.0043591312327929
mrentabilidad_lag1	0.00171059463339935	0.00285195082331404	0.00474151116549404
mcomisiones_delta2	0.00169800776367591	0.00318886838236177	0.00426353624961762
Visa_mlimitecompra	0.00169555056446401	0.00180462261447611	0.00365172835729581
mcuenta_corriente_delta1	0.00169187846329877	0.00382449312294094	0.00344141939431019
ctrx_quarter_lag2	0.00167605214433988	0.00295670370144527	0.00468415417558887
Visa_mfinanciacion_limite_lag1	0.00164952535637592	0.00159632413636516	0.00357525237075558
mcomisiones_delta1	0.0016327688488869	0.00318506735381627	0.00451208320587336
mttarjeta_visa_debitos_automaticos_delta1	0.00162736654352412	0.00412968996500156	0.00418706026307739
mttarjeta_visa_debitos_automaticos_lag1	0.00162553702894455	0.00309447104907539	0.00414882226980728
Master_mfinanciacion_limite_delta2	0.00162274590910927	0.00265002334369349	0.00466503517895381
rf_001_001	0.00162155364752295	0.000231467121077259	5.73569899051698e-05
Visa_mfinanciacion_limite_delta2	0.0016122017513064	0.00143873206123776	0.00403410828999694
ccomisiones_otras	0.00160014047995158	0.00361892170986267	0.00430177424288773
rf_003_004	0.00159053971310927	0.000177697844295446	3.82379932701132e-05
mpayroll_sobre_edad	0.00158027558200113	0.00284992107791405	0.00338406240440502
ccomisiones_mantenimiento	0.0015784645030289	0.00626326897263287	0.00175894769042521
rf_017_005	0.0015752431588054	0.000600664597974976	0.000669164882226981
Visa_msaldototal_lag1	0.00156929555982699	0.00286773551674239	0.00376644233710615
chomebanking_transacciones_delta1	0.00156837261361912	0.00479579835880336	0.00397675130009177
Master_msaldototal	0.00154003162947378	0.00658803832530675	0.00321199143468951
Visa_cconsumos_lag1	0.00153669790542238	0.00203660449820333	0.00355613337412053
cdescubierto_preacordado_delta1	0.00152997714063038	0.00494766631169622	0.000764759865402264
Visa_cconsumos_delta2	0.00150838576017181	0.00347071834819137	0.00330758641786479
kmes_lag2	0.00150436886683299	0.00136250875599437	0.00313551544814928
Master_mpagominimo_delta1	0.00150181591612002	0.00398371475934568	0.00229427959620679
ctarjeta_visa_transacciones_delta1	0.00149620748151116	0.00728897426769371	0.00346053839094524
Visa_msaldototal_lag2	0.00146401699589582	0.00250870526274946	0.00368996635056592
Visa_fultimo_cierre	0.00145445901227289	0.00562646145497091	0.00367084735393087
Master_mlimitecompra_delta2	0.00145165887749558	0.00213565895620155	0.00357525237075558
mttarjeta_visa_debitos_automaticos	0.00144719872392099	0.00180037696359507	0.00407234628326705
rf_002_009	0.00144557665005982	0.000145462364658363	0.000267665952890792
Visa_mconsumototal_delta1	0.00142901890000689	0.00198554331013625	0.00432089323952279
Visa_mconsumototal_delta2	0.00142543480164346	0.00260726201276321	0.00390027531355155
Visa_mfinanciacion_limite_delta1	0.00142449589841649	0.00115760175425058	0.00353701437748547
Master_fultimo_cierre	0.00141476227855848	0.00228787448798126	0.00382379932701132
Master_mfinanciacion_limite_lag2	0.00140417176705142	0.00130491154753277	0.00351789538085041
Master_mfinanciacion_limite_delta1	0.00140131928362101	0.00113155255426218	0.00336494340776996
mcaja_ahorro_delta2	0.00138667619952735	0.00159828398165729	0.00344141939431019
Visa_cconsumos_delta1	0.00137633032790828	0.00480740754166508	0.00300168247170389
rf_015_003_delta2	0.00135716279291466	0.000572918578873494	0.000286784949525849
Visa_mconsumototal_lag1	0.00135631045180408	0.00129787877998	0.00368996635056592
mtarjeta_visa_consumo_delta1	0.00134362758389023	0.00445075749443765	0.00346053839094524
mtransferencias_recibidas_lag1	0.00133629970721459	0.00242150499830029	0.00328846742122973
mcaja_ahorro_delta1	0.0013356287848436	0.00286314276738762	0.00390027531355155
Visa_mlimitecompra_lag2	0.00132970492833358	0.0013812119590807	0.00305903946160906
Master_mlimitecompra	0.00132540604425495	0.00125521713477053	0.00313551544814928
mtransferencias_recibidas_lag2	0.00132312490990188	0.00271511884001381	0.00340318140104007
Visa_fultimo_cierre_lag1	0.00130911993238594	0.00162610950912888	0.00330758641786479
Visa_fultimo_cierre_lag2	0.00130105476550097	0.00162112113957603	0.00323111043132456
cprestamos_personales	0.00127757894216522	0.00123261754113589	0.000936830835117773
Visa_mlimitecompra_delta2	0.00126816755501987	0.00137402473871229	0.00300168247170389
Visa_msaldototal_delta1	0.00126735629448341	0.00228330647990178	0.00336494340776996
cproductos_lag1	0.00126120936670491	0.0040595429248041	0.0049327011318446
chomebanking_transacciones_delta2	0.00123578202507946	0.00306375655735224	0.00349877638421536
rf_008_001	0.00122347126258559	0.000879231901007381	0.000325022942795962
thomebanking	0.00122019031532981	0.000937304238037174	0.00156775772407464
rf_019_002	0.00121919261847357	0.000239280079524608	0.000152951973080453
rf_001_002	0.00121549406006708	0.000305419753744779	0.000191189966350566
Master_fultimo_cierre_lag1	0.00120729074957143	0.00206417036238766	0.00326934842459468
ccomisiones_otras_lag2	0.0011861322425878	0.00327246867115299	0.00451208320587336
Visa_mfinanciacion_limite_lag2	0.00118573781363184	0.00127412787632143	0.00271489752217804
Master_mlimitecompra_lag2	0.00117355033342204	0.00196430136395732	0.00242811257265219
mtarjeta_visa_consumo_delta2	0.00116934154349204	0.00195368375375964	0.00325022942795962
Visa_mlimitecompra_lag1	0.00115917770111868	0.00137866240669307	0.00240899357601713
Master_mlimitecompra_delta1	0.00115742844311412	0.00140664070553441	0.00313551544814928
ccallcenter_transacciones	0.00111854254633559	0.00244690732203282	0.00126185377791374
Visa_mlimitecompra_delta1	0.00111629068309499	0.00131744408439657	0.0029060874885286
Visa_msaldototal_delta2	0.0011121768228605	0.00218325636572806	0.00326934842459468
rf_009_013	0.00110538857083636	0.000219352303414711	0.000191189966350566
mtarjeta_visa_consumo_lag1	0.00109837557835453	0.00311871461638074	0.00261930253900275
mpayroll_sobre_edad_delta2	0.00109765841446965	0.00284771021677067	0.00196925665341083
mtarjeta_visa_consumo_lag2	0.00109454907299555	0.00314162984143025	0.00286784949525849
internet_lag2	0.00108682878565452	0.0028797693847955	0.00162511471397981
Master_fultimo_cierre_lag2	0.00107402871545735	0.00123178042128749	0.00281049250535332
mcomisiones_mantenimiento_lag1	0.00107123230678418	0.00139189850856001	0.00282961150198838
ccomisiones_otras_lag1	0.00107017600317266	0.00179884276432054	0.00338406240440502
Master_mfinanciacion_limite_lag1	0.00103470808523357	0.00108435628968455	0.00269577852554298
ccomisiones_mantenimiento_delta1	0.00103335594632085	0.00151835957379579	0.000802997858672377
ctarjeta_visa_transacciones_lag2	0.000983712003052483	0.00109247791355663	0.00256194554909758
ctarjeta_visa_transacciones_lag1	0.000951809491950374	0.00131959873720579	0.00252370755582747
rf_016_002_delta2	0.000936155638256543	0.000189806416587533	0.00011471397981034
mpayroll_delta2	0.000924404033227731	0.00298069168897482	0.00175894769042521
rf_008_005	0.000891845291019479	0.000184684732395982	0.000133832976445396
Master_mlimitecompra_lag1	0.000885367659408892	0.00087927633922028	0.00237075558274702
rf_016_002	0.00087058006189843	0.000236893627388643	9.5594983175283e-05
ccomisiones_otras_delta2	0.000869631284507804	0.00385357565132119	0.00195013765677577
mtransferencias_recibidas_delta2	0.000866993004572448	0.00155963738903492	0.00240899357601713
rf_013_012	0.000865382613893883	0.000200758154104903	0.000210308962985623
cproductos_lag2	0.000829220495208972	0.00187226093740049	0.00325022942795962
rf_010_014	0.000799149367029087	0.00039285662165181	0.000210308962985623
Master_mconsumototal_lag2	0.000785356747684522	0.00179751850557615	0.00170159070052004
Master_cconsumos	0.000779078246029967	0.00430717690794065	0.00166335270724992
rf_019_012	0.000767289564262326	0.00164494098251623	0.000497093912511472
Master_mconsumototal	0.000755546279740697	0.00202351468212912	0.00191189966350566
mpayroll_delta1	0.000724736850264633	0.0057867657023245	0.00191189966350566
rf_012_007	0.000723675352189554	0.000176212887364944	0.000325022942795962
mtransferencias_recibidas_delta1	0.000712868157190815	0.00142428435750129	0.00210308962985623
Master_mpagominimo_lag1	0.000679730426578827	0.00157643022937969	0.00181630468033038
rf_011_005	0.000658916192319156	0.000497204991942385	0.000535331905781585
rf_002_010	0.00065869432774851	0.000301575247812607	0.000286784949525849
Master_mpagominimo_delta2	0.000646310228703743	0.00153828494784013	0.00137656775772407
cprestamos_personales_delta1	0.000638036412864065	0.00179689805204145	0.000363260936066075
rf_018_001	0.000636252823931194	7.82352753582215e-05	9.5594983175283e-05
Master_mpagominimo_lag2	0.000623516784090759	0.00114454820936635	0.00166335270724992
rf_009_009	0.000622606535092594	0.000202656986931758	9.5594983175283e-05
ctarjeta_master_transacciones	0.000617849176227641	0.00115609565914313	0.00095594983175283
Master_msaldototal_delta1	0.00058416712274527	0.000824551760964412	0.00143392474762924
Master_msaldototal_delta2	0.000580409517120487	0.00117736114556457	0.00131921076781891
mpayroll_sobre_edad_delta1	0.000565486037918065	0.00163011423283405	0.00166335270724992
cprestamos_personales_lag2	0.000559557738284393	0.00545812037665959	0.00105154481492811
rf_015_001	0.000551494039619605	0.000193048964889838	0.000401498929336188
mpayroll_lag2	0.000540562884558706	0.00107655558177157	0.00198837565004589
mpayroll_sobre_edad_lag2	0.000537409975062945	0.00120249852146559	0.00177806668706026
rf_015_014_delta2	0.000531076750920027	0.000207310028132139	0.000516212909146528
rf_020_005	0.000509263934064164	3.47261814184445e-05	5.73569899051698e-05
rf_003_007	0.000505041953430019	9.50816817650319e-05	0.000133832976445396
mtarjeta_master_consumo_delta2	0.000484272585973932	0.00270079652409968	0.00105154481492811
ccomisiones_otras_delta1	0.00047041469428626	0.000788867395593239	0.00135744876108902
ccallcenter_transacciones_delta1	0.000465801886988484	0.00190457448416834	0.000745640868767207
Master_msaldototal_lag2	0.000460063742415771	0.000729921667525059	0.00118537779137351
Master_msaldototal_lag1	0.000436070774654983	0.000918903935418229	0.00139568675435913
Master_cconsumos_lag2	0.000429329492797823	0.00310863530907554	0.00120449678800857
rf_005_007	0.0004229014128252	0.000174575159064691	1.91189966350566e-05
rf_019_013	0.000418180926296508	0.000230371779180933	0.000286784949525849
rf_020_007	0.00041183737629783	0.000253241364984757	0.000669164882226981
ccomisiones_mantenimiento_lag2	0.000400912077821457	0.000986459146874156	0.00118537779137351
rf_004_011_delta2	0.000396695503464558	0.000343392566976983	0.000382379932701132
rf_014_014	0.000385123256144814	0.000110217577285057	0.000267665952890792
rf_018_015	0.000369217690575945	0.000380843171155983	0.000172070969715509
rf_015_001_lag1	0.000363014500452051	8.34628906410615e-05	0.000267665952890792
ccomisiones_mantenimiento_lag1	0.000361301159466675	0.00381770440524928	0.001013306821658
Master_fultimo_cierre_delta2	0.000358856563953848	0.000463888102389236	0.00112802080146834
ccallcenter_transacciones_lag1	0.000351708451160465	0.00176683764277087	0.000669164882226981
Visa_fechaalta_delta2	0.000349063151575419	0.000545545600553809	0.000497093912511472
rf_014_005	0.000345009741924785	0.00019272348500617	0.000344141939431019
rf_006_001	0.000344753682309743	0.00024145875298945	0.000325022942795962
Master_mconsumototal_lag1	0.000342919567398553	0.000950434889225942	0.00112802080146834
rf_013_006	0.000340794787273608	0.000163430055269571	0.000516212909146528
rf_014_005_delta1	0.000336357714717846	0.00277964240452379	0.000611807892321811
rf_001_001_delta2	0.000327053827375981	8.03250723972652e-06	1.91189966350566e-05
ctarjeta_master_transacciones_lag2	0.000323502912714965	0.00127646844900516	0.000764759865402264
rf_004_001	0.000321645430217982	5.28243041896752e-05	9.5594983175283e-05
rf_012_002_delta2	0.000320569476198255	0.00059443676259207	0.000325022942795962
Visa_fultimo_cierre_delta2	0.000320033217819466	0.000394069184347568	0.000802997858672377
rf_015_003	0.000319686689863465	0.000102695268770725	0.000229427959620679
Master_mconsumototal_delta1	0.00031878538510126	0.000758012863447818	0.000802997858672377
rf_016_000	0.000316048335558884	0.000340531226479387	0.000152951973080453
mpayroll_sobre_edad_lag1	0.000310716022520404	0.000752087688325738	0.00118537779137351
rf_005_012	0.000307005682894202	0.00282628066927134	0.000497093912511472
rf_015_014	0.000303008787829206	0.000258124524065989	0.000210308962985623
Master_mconsumototal_delta2	0.000298515347528166	0.000358065104050076	0.000802997858672377
mtarjeta_master_consumo_lag2	0.000294461559221103	0.000514099439660438	0.000726521872132151
Visa_fechaalta_delta1	0.000285760345404556	0.000155672344330151	0.000305903946160906
thomebanking_lag1	0.000283641526133821	0.000162017400512489	0.000573569899051698
Visa_Fvencimiento_delta2	0.000282577229506098	0.000494562719824054	0.000554450902416641
rf_007_003	0.000281001280375503	0.000183521412044248	0.000325022942795962
rf_011_013_lag1	0.000274654204970028	0.000466671375756064	0.000650045885591924
rf_007_003_delta2	0.000272338620526654	0.000474356304108951	0.000267665952890792
thomebanking_lag2	0.000263483868430742	0.000157132079572251	0.000630926888956868
thomebanking_delta2	0.000263348169736184	0.00132183145714578	0.000669164882226981
cprestamos_personales_lag1	0.000260711900000474	0.00118526322064427	0.000497093912511472
ctarjeta_master_transacciones_delta1	0.000256835588848506	0.00159151808358847	0.000650045885591924
Master_cconsumos_delta1	0.000254696757637208	0.00145448168450891	0.000650045885591924
mtarjeta_master_consumo_delta1	0.000249626095251138	0.00113698506573747	0.000745640868767207
Master_fultimo_cierre_delta1	0.000248404047342848	0.000304132006396926	0.000764759865402264
rf_011_002	0.000243692149437817	0.00255001334401466	0.000497093912511472
Visa_fultimo_cierre_delta1	0.00024362451110182	0.000259575371665509	0.000707402875497094
ctarjeta_master_transacciones_lag1	0.000242251971046915	0.00146502531108728	0.000688283878862037
rf_020_011	0.000241668617542826	0.00114004433643738	0.000325022942795962
Master_cconsumos_lag1	0.000237511360360809	0.000637401308268915	0.000669164882226981
rf_014_005_lag1	0.000232504047801351	0.000128327950590655	0.000286784949525849
Visa_status_delta1	0.000232237651787003	0.00134801973673023	0.000325022942795962
entrenamiento_delta2	0.000230553446078622	0.000483160835220343	0.000535331905781585
rf_008_011_lag1	0.000229276353716798	0.000309821058474249	0.000516212909146528
Master_cconsumos_delta2	0.000228248094726005	0.00184306359028637	0.000630926888956868
mpayroll_lag1	0.000224156331825178	0.000583515291100783	0.00141480575099419
thomebanking_delta1	0.000221395077168762	0.000842700327112448	0.000554450902416641
rf_017_013	0.000216244180963421	0.000311291843217935	0.000191189966350566
rf_016_010	0.000215303031274426	0.000411131776654969	0.000439736922606302
rf_006_002_delta2	0.000213237748668328	0.000315082302674959	0.00011471397981034
rf_012_002_delta1	0.000208202395066811	0.000216253879046134	9.5594983175283e-05
rf_005_013	0.000204047108011459	7.16098981247844e-05	7.64759865402264e-05
rf_011_002_delta2	0.000202543237151227	0.000909753987279004	0.000172070969715509
Visa_Fvencimiento_delta1	0.00020107073613127	0.000287210175131465	0.000439736922606302
rf_009_003_delta2	0.000199332674473093	0.000288980017037635	0.000191189966350566
rf_010_000	0.000195889346403976	6.29038517014397e-05	7.64759865402264e-05
Master_Fvencimiento_delta2	0.000188694625935831	0.00046864683447435	0.000477974915876415
rf_002_013_lag2	0.000184095431229858	0.000166472751717107	0.000172070969715509
rf_014_012_delta1	0.000183219159589915	0.000321742509859047	0.000363260936066075
rf_016_010_delta2	0.000181810843473138	0.000780705897432826	0.000229427959620679
rf_009_004_lag2	0.000181048106277369	0.00035139336695129	0.000439736922606302
rf_008_002_delta2	0.000180079515985916	0.000904016893890439	0.000248546956255736
rf_011_013	0.000178521743983301	0.000219154373212393	0.000439736922606302
rf_019_005	0.000174920000809573	0.000103182888079835	0.00011471397981034
rf_017_008	0.000170616366282823	1.99284967295655e-05	7.64759865402264e-05
rf_005_001	0.000168574205311192	0.000499204711522849	0.000344141939431019
rf_016_012_lag2	0.000166241053381267	3.99139224129533e-05	0.00011471397981034
rf_008_011_lag2	0.00016613094614269	0.000278390270800476	0.000477974915876415
rf_010_006_lag2	0.00016397015848584	9.46445058327262e-05	0.000267665952890792
rf_019_010	0.000162749472108027	0.00020614382530173	0.000172070969715509
mtarjeta_master_consumo_lag1	0.000162320087884293	0.000323294724625288	0.000439736922606302
rf_004_004_lag1	0.000161161227864255	0.000707247850064547	0.000210308962985623
rf_010_000_lag1	0.000158636922754957	0.0026118343445607	0.000305903946160906
rf_001_006_lag2	0.000158037726553953	0.000501640406002838	0.000420617925971245
entrenamiento	0.000157792729069875	0.000224487198966853	0.000305903946160906
rf_020_007_lag1	0.000157217247188792	0.000100333798116605	0.000420617925971245
rf_017_012	0.000156253718950415	0.000928713730967367	0.000172070969715509
rf_009_002_lag2	0.000153760085411095	0.000145131600230459	0.000191189966350566
rf_009_009_lag2	0.000152157916756789	0.00209445992871287	0.000248546956255736
rf_019_002_delta2	0.00015192701287534	0.000224851832519183	0.000133832976445396
rf_018_002	0.000151808098711442	9.61775040744707e-05	0.000152951973080453
entrenamiento_lag1	0.000149444907673433	0.000201500632570154	0.000305903946160906
rf_017_001_lag1	0.000147422028603182	0.00263694217505531	0.000286784949525849
rf_001_009_delta1	0.000146728907004858	0.00263920516102138	0.000305903946160906
rf_017_015_lag1	0.000145505583295244	0.000311495298171047	0.000210308962985623
rf_007_010	0.000144364800043354	0.000109964639781366	0.000191189966350566
rf_017_004_delta2	0.000143800666149129	0.00160017536808091	0.000229427959620679
ctarjeta_master_transacciones_delta2	0.000143365270379291	0.000435358049088278	0.000363260936066075
rf_002_013	0.000141049904215078	8.62022062081022e-05	0.000229427959620679
rf_006_001_lag1	0.000137828040493114	0.000174064239719629	0.000267665952890792
rf_002_003_lag2	0.000137624574606425	0.000153072348565713	0.000229427959620679
rf_020_007_delta1	0.000136415378126683	0.000196386394781846	0.000191189966350566
Master_fechaalta_delta2	0.000134809508892707	8.22123753094222e-05	0.000210308962985623
rf_018_001_lag1	0.000133974558526911	0.000318302751974092	0.000229427959620679
rf_015_014_lag2	0.000133071721194881	5.63567818053276e-05	0.000152951973080453
rf_007_012_delta2	0.000132628965671021	4.1533395014934e-05	0.00011471397981034
rf_018_010_lag1	0.000132572860604678	0.00108821833069532	0.000267665952890792
rf_008_010	0.000129556187233336	0.000499903232188314	0.000611807892321811
rf_013_009_delta2	0.000128699899145034	0.00322837203197672	0.000325022942795962
rf_007_006_delta2	0.000127934328429821	0.0020475869821599	0.000248546956255736
rf_011_003_delta2	0.000126566876431771	0.000338336218968722	9.5594983175283e-05
Master_fechaalta_delta1	0.000126480275121369	0.000192272136887048	0.000401498929336188
rf_008_002_lag1	0.000125115017076901	0.000171122670232258	0.000286784949525849
rf_004_002_delta2	0.000124602123778179	0.00172505443293747	0.000267665952890792
rf_004_002	0.000123987425297157	0.00097975570250995	0.000229427959620679
rf_007_007_delta2	0.000123174826387627	0.00146287786447474	0.000267665952890792
rf_016_015_delta2	0.000120656514697614	0.00307812547333828	0.000286784949525849
rf_014_005_delta2	0.000119802414420696	0.000121416006935657	0.000229427959620679
rf_014_012	0.000119508222545249	0.000216918770793728	0.000210308962985623
rf_002_012_delta1	0.000119452196130806	0.0020317871557185	0.000229427959620679
rf_008_005_lag1	0.000117278868805084	0.000179291374589356	0.000133832976445396
rf_003_009	0.00011717095435373	0.000404165065905155	0.000133832976445396
rf_019_015_lag2	0.000115259502932549	0.000300669428889132	0.000152951973080453
rf_017_005_lag2	0.000115165527995298	5.98493851326489e-05	0.000191189966350566
rf_016_010_delta1	0.000115077355794792	0.00115939681784515	0.000267665952890792
rf_019_010_delta2	0.000114844662949698	3.92761740062106e-06	1.91189966350566e-05
rf_001_010	0.000114596005363905	0.00132207814927901	0.000210308962985623
rf_007_011	0.000114353608476604	0.000384200538192157	0.000248546956255736
rf_014_014_lag2	0.000113970470914508	7.03264744949441e-05	0.000267665952890792
rf_007_000	0.000113673251820292	6.20165286827928e-05	9.5594983175283e-05
rf_011_005_lag2	0.000112810239359642	0.000103781963231028	0.000325022942795962
rf_016_008_lag1	0.000111742264406359	0.000161241293129368	0.000286784949525849
rf_002_003	0.000110950992341171	8.15707835977802e-05	0.000191189966350566
Visa_status_delta2	0.000110881302064125	0.00225452853343481	0.000267665952890792
cdescubierto_preacordado_lag2	0.000110485667604667	9.64967385876763e-05	0.000152951973080453
rf_008_012_lag1	0.00011025210118001	0.000191522692431667	0.000248546956255736
ccallcenter_transacciones_lag2	0.000109670680649998	0.000749761287828826	0.000305903946160906
rf_003_005_lag2	0.000109592157585342	7.2279353796947e-05	0.000229427959620679
rf_004_011	0.000109272139023064	0.000167698765980013	0.000535331905781585
rf_017_015	0.000108806161873968	0.000152355572201977	0.000133832976445396
rf_011_008	0.000108582764802768	0.000574257970630932	0.000210308962985623
rf_007_007_delta1	0.000108452979846063	0.00113445785255956	0.000229427959620679
rf_014_012_lag1	0.000107806656517209	0.000141719946512582	0.000210308962985623
rf_010_006_lag1	0.000107000682533584	0.000226867165525801	0.000363260936066075
rf_001_002_lag1	0.0001068406038771	5.14294247177526e-05	5.73569899051698e-05
rf_020_007_lag2	0.000104505572092417	0.000101322968715086	0.000325022942795962
rf_014_003_delta1	0.000103838051310944	0.001494323544955	0.000191189966350566
rf_005_009	0.000102573094118847	8.47208523759433e-05	0.000305903946160906
rf_005_009_lag2	0.000101401730146969	3.92257306294061e-05	0.000210308962985623
rf_009_009_delta2	0.000100971492279192	0.000986508149011623	0.000210308962985623
rf_012_001	0.000100893799430306	0.000170426071219243	0.000439736922606302
rf_013_011_lag2	0.00010044661046703	0.00177212338804031	0.000229427959620679
rf_007_005_lag1	0.00010043640881621	0.00226365710319053	0.000267665952890792
rf_015_003_delta1	0.000100246964497632	0.000108286316573113	3.82379932701132e-05
rf_011_013_lag2	9.95421455861272e-05	0.000142483803361335	0.000592688895686754
rf_019_010_lag2	9.90693227420164e-05	0.000100382079634404	0.000191189966350566
rf_012_007_lag2	9.86196597047446e-05	7.42533712758966e-05	0.000191189966350566
rf_013_006_lag2	9.83872433350207e-05	3.55575363094939e-05	0.000191189966350566
rf_014_013	9.83725551333495e-05	0.00145711170609288	0.00133832976445396
ctarjeta_master	9.77402524401531e-05	6.8747356594407e-05	0.000191189966350566
rf_020_006_delta1	9.74842362248154e-05	0.000502928633763803	0.000305903946160906
rf_005_009_lag1	9.72481545400557e-05	8.33033934877368e-05	0.000286784949525849
rf_007_014_delta1	9.58565904120094e-05	0.00124012279498473	0.000210308962985623
rf_002_009_delta2	9.58488735677731e-05	0.000219984046657549	0.000172070969715509
rf_006_004_lag1	9.5474414405816e-05	6.22430434653007e-05	0.000248546956255736
rf_012_011	9.40385901579297e-05	0.000245721698742543	9.5594983175283e-05
rf_019_002_lag1	9.34213434892826e-05	0.000115053175468159	0.00011471397981034
rf_002_003_lag1	9.29927813758203e-05	8.90834838498641e-05	0.000133832976445396
rf_011_008_lag1	9.28344307179951e-05	0.000375316979123772	0.000172070969715509
rf_007_014	9.26076288036928e-05	8.12344944190835e-05	0.000172070969715509
rf_009_005_lag2	9.25341005908371e-05	0.000143416765625663	0.000152951973080453
rf_011_005_delta2	9.24141206814472e-05	0.000181003086508922	0.000172070969715509
rf_006_004_lag2	9.23653012309793e-05	6.51180757366011e-05	0.000172070969715509
rf_008_002	9.23086313834906e-05	6.25673223161868e-05	0.000210308962985623
rf_002_010_delta2	9.22989472127512e-05	0.00060446778837948	0.000152951973080453
rf_007_014_lag2	9.1464471594618e-05	9.99427418430925e-05	0.000191189966350566
cdescubierto_preacordado_lag1	9.14122647645477e-05	4.13815844714081e-05	9.5594983175283e-05
rf_004_011_lag1	9.13112760912186e-05	5.42441651434438e-05	0.000172070969715509
rf_017_015_lag2	9.0193516896515e-05	0.000129724751715027	0.000191189966350566
rf_013_004	9.01588563664404e-05	0.000272554452517308	0.00011471397981034
rf_015_004_delta2	8.98266064673209e-05	5.59895059808796e-05	5.73569899051698e-05
rf_007_007_lag1	8.93540660013782e-05	0.000153591675140243	0.000133832976445396
rf_018_000	8.89586098293501e-05	0.000281848764796816	0.000172070969715509
rf_019_013_delta2	8.8657561203903e-05	0.000136884588536036	0.00011471397981034
rf_012_007_lag1	8.82895592806689e-05	4.52292130888106e-05	0.000191189966350566
rf_005_010_delta2	8.67063717568553e-05	0.000563347788847786	0.000152951973080453
rf_001_008	8.65466024424985e-05	6.01436381640085e-05	9.5594983175283e-05
rf_010_002_lag1	8.60484808482837e-05	0.000419454213208043	0.000133832976445396
cpayroll_trx_lag2	8.58409107651044e-05	0.000182967255519067	0.000267665952890792
rf_014_005_lag2	8.57201675861861e-05	0.000142328629926023	0.000191189966350566
rf_002_004	8.46198942603511e-05	0.000526378318400879	0.000152951973080453
rf_002_013_delta1	8.44158803527081e-05	9.38924191052267e-05	0.000210308962985623
internet_delta2	8.43759249988981e-05	0.000570056998169341	0.000325022942795962
rf_011_013_delta2	8.23239222717238e-05	0.000324130163027793	0.000152951973080453
rf_019_014	8.20532489962475e-05	0.00106137981196321	0.000172070969715509
rf_017_005_lag1	8.19476211171515e-05	4.44420562041041e-05	0.000152951973080453
rf_012_001_delta2	8.16308814125643e-05	0.000181005008161372	0.000191189966350566
rf_011_003_delta1	8.0430614198673e-05	0.000455840221929912	0.000152951973080453
rf_018_002_delta2	8.03515009022704e-05	0.000520518719668645	0.00011471397981034
rf_016_008_lag2	7.90662683347506e-05	3.77482201021466e-05	0.000152951973080453
rf_016_008	7.84968170140979e-05	0.0002538791133915	0.000477974915876415
rf_004_009_lag1	7.84618559564163e-05	6.32687254603256e-05	0.000152951973080453
rf_003_010_delta2	7.79859550562427e-05	0.0024494780125974	0.000248546956255736
rf_007_010_delta1	7.77949955682135e-05	5.24743232372744e-05	0.000172070969715509
rf_020_005_lag2	7.76356863312255e-05	0.00023075875194299	0.000172070969715509
rf_013_002	7.74602724178624e-05	4.97866520798193e-05	7.64759865402264e-05
rf_016_010_lag1	7.73975106550862e-05	8.69406011618976e-05	0.000191189966350566
rf_007_005_delta2	7.72339573239098e-05	4.19054749705063e-05	0.00011471397981034
rf_002_013_delta2	7.66387791001155e-05	4.90991809159408e-05	0.000191189966350566
rf_007_004_lag2	7.63846609340988e-05	7.86123996514742e-05	0.000229427959620679
rf_011_005_lag1	7.46949405306129e-05	4.79344193248692e-05	0.000229427959620679
Master_Fvencimiento_delta1	7.46193812947577e-05	0.000298334621162752	0.000267665952890792
rf_017_007_lag2	7.46170543990808e-05	0.000213624337875282	0.000133832976445396
rf_019_000_delta2	7.436525365298e-05	0.00235924417954983	0.000229427959620679
rf_001_006_lag1	7.38642111319012e-05	4.091222086057e-05	0.000152951973080453
rf_009_004_lag1	7.38349736447096e-05	8.27124853594554e-05	0.000229427959620679
ctarjeta_master_lag2	7.3554729326347e-05	5.05317728171887e-05	3.82379932701132e-05
rf_007_014_lag1	7.29357465565413e-05	9.89694248773218e-05	0.000191189966350566
entrenamiento_lag2	7.26617422849079e-05	0.000115528304036347	0.000248546956255736
rf_009_000	7.25754674026596e-05	7.16070156461099e-05	7.64759865402264e-05
rf_014_006_delta2	7.25229398914835e-05	0.000570186229296583	0.000152951973080453
cpayroll_trx_lag1	7.23750823095982e-05	0.00018152889866047	0.000248546956255736
rf_002_002_delta1	7.21810613668554e-05	0.000251064853378921	9.5594983175283e-05
rf_007_012	7.15562986167962e-05	2.02873653245461e-05	3.82379932701132e-05
rf_006_012	7.15425986021231e-05	0.000378065182333392	0.000152951973080453
rf_010_002_lag2	7.14948227812083e-05	0.000162199236875541	0.00011471397981034
rf_014_012_lag2	7.09071217250581e-05	0.000112606671693141	0.000210308962985623
rf_011_004_lag2	7.05896341473443e-05	0.000127952988156408	0.000172070969715509
rf_016_007_lag1	7.05312524907557e-05	0.000236768479772856	0.000382379932701132
rf_004_011_lag2	7.03954527026593e-05	2.98656017534963e-05	0.000152951973080453
rf_018_003_lag1	6.99481182031569e-05	8.8281914571785e-05	0.00011471397981034
rf_018_015_lag1	6.97712298040032e-05	7.17050199210443e-05	0.000133832976445396
rf_006_010	6.88199153128488e-05	0.000207471206731357	0.000172070969715509
rf_018_010	6.8455906757727e-05	0.000774640201475363	0.000152951973080453
rf_014_012_delta2	6.84547432436058e-05	9.22460433689502e-05	0.000133832976445396
rf_020_008_lag1	6.81666475456469e-05	0.000138953487604689	0.000152951973080453
rf_014_014_lag1	6.81049079370385e-05	8.34986814179371e-05	0.000191189966350566
rf_018_006_lag1	6.78784383416604e-05	6.31584706510243e-05	0.000191189966350566
rf_015_011_lag2	6.7494189853106e-05	0.000881316413502188	0.000325022942795962
rf_004_000	6.72811054168e-05	4.55246671529512e-05	9.5594983175283e-05
rf_009_004	6.71793810050043e-05	0.000141076673355046	0.000344141939431019
rf_007_004_lag1	6.67386031511325e-05	7.15976475904176e-05	0.000229427959620679
rf_017_000_lag1	6.65178444686084e-05	4.25830976655801e-05	7.64759865402264e-05
rf_015_004	6.64472491095187e-05	9.04966190200588e-05	0.000229427959620679
rf_013_012_lag2	6.62282295135692e-05	6.53414678338782e-05	0.000133832976445396
rf_012_009	6.60050794261563e-05	0.000190774689215623	5.73569899051698e-05
rf_014_004_delta2	6.58861840443589e-05	0.00052287034185396	0.000229427959620679
rf_003_007_lag2	6.54896610105182e-05	3.8827708365763e-05	0.00011471397981034
rf_004_009	6.52479070164489e-05	2.62368013088029e-05	9.5594983175283e-05
rf_020_007_delta2	6.51715973702019e-05	0.000106682937810399	0.000152951973080453
rf_008_003	6.50013125033908e-05	0.00215859940293946	0.000191189966350566
rf_007_010_lag2	6.44518588049224e-05	5.10273189426538e-05	0.000152951973080453
rf_005_001_lag2	6.44290157376976e-05	3.59807802615393e-05	0.000133832976445396
rf_014_013_delta2	6.41058669539836e-05	0.000808948183279443	0.000573569899051698
rf_006_001_delta1	6.38158696202373e-05	0.000379668801302663	0.000133832976445396
rf_003_011_lag2	6.36244022327153e-05	0.000126272743295706	0.00011471397981034
rf_006_010_lag1	6.33916608517675e-05	8.63247115517702e-05	0.000172070969715509
rf_007_011_lag1	6.29193067417335e-05	3.48124155721246e-05	0.00011471397981034
rf_007_007_lag2	6.26693739833016e-05	0.000223986368297152	0.00011471397981034
rf_019_005_lag1	6.25851759090299e-05	0.000457150308487492	0.00011471397981034
rf_012_007_delta1	6.24613261149929e-05	6.44082653629949e-05	0.00011471397981034
rf_016_008_delta1	6.24321846328918e-05	0.000574627648520942	0.000191189966350566
rf_011_001	6.23562710926408e-05	4.96643869427074e-05	9.5594983175283e-05
rf_015_001_delta2	6.20995038514315e-05	0.000305933795775072	0.000152951973080453
rf_001_013_delta2	6.1908447075723e-05	0.00141667605503983	0.000133832976445396
rf_014_002_lag2	6.17546576953242e-05	0.000160164687344426	9.5594983175283e-05
rf_015_001_lag2	6.13559283644239e-05	3.71056675642797e-05	0.00011471397981034
rf_012_002_lag1	6.09460324035726e-05	3.14406361425779e-05	9.5594983175283e-05
rf_005_004_delta1	6.08736434002896e-05	0.000667115820098554	0.000133832976445396
rf_012_003	6.07208691954013e-05	4.73444720228127e-05	9.5594983175283e-05
rf_019_006_delta2	6.07198631899141e-05	0.000594231145779953	0.00011471397981034
rf_007_000_lag1	6.05034058709104e-05	0.000149854061125586	9.5594983175283e-05
rf_018_003_delta1	6.04741648245519e-05	0.0013416016577548	0.000133832976445396
rf_005_009_delta1	6.03120170354254e-05	9.68130906222074e-05	0.000152951973080453
rf_008_002_lag2	6.01780556051353e-05	0.000179243333278114	0.000133832976445396
rf_013_012_delta1	6.00931951315402e-05	0.000142738902724033	0.000152951973080453
rf_018_015_delta2	6.00743874139401e-05	0.000147231245738308	0.00011471397981034
rf_002_003_delta2	5.99581711248108e-05	8.85896191702924e-05	9.5594983175283e-05
rf_004_002_delta1	5.93779548978244e-05	0.000796463447520328	9.5594983175283e-05
rf_005_001_lag1	5.93520377151723e-05	4.8604115203588e-05	0.00011471397981034
rf_010_013	5.91768007293158e-05	6.16963333433624e-05	9.5594983175283e-05
rf_003_011_lag1	5.91097991456252e-05	5.6187195976642e-05	0.00011471397981034
rf_012_005_lag1	5.89887699428444e-05	0.000819113724738331	0.00011471397981034
rf_014_014_delta1	5.87403596779716e-05	0.000404623860427519	0.000152951973080453
rf_009_012	5.86751646911292e-05	3.54804300049499e-05	0.00011471397981034
Visa_status_lag2	5.84320470118975e-05	0.000205047282372623	5.73569899051698e-05
rf_007_015	5.814937460726e-05	0.000192353566909604	0.00011471397981034
rf_003_009_lag1	5.81056174141629e-05	0.000280780085828229	0.00011471397981034
rf_011_004	5.80794693626912e-05	5.37685561621442e-05	0.000133832976445396
rf_002_011	5.79980023370963e-05	0.000160497133218223	0.00011471397981034
rf_008_011_delta2	5.74184392978566e-05	0.00054914413497242	0.000191189966350566
rf_020_006	5.69774384233947e-05	0.000246407488460528	0.000363260936066075
rf_010_001	5.69345606167819e-05	5.48718248748256e-05	0.000133832976445396
rf_017_007_delta2	5.65303670932774e-05	0.000115092809549934	9.5594983175283e-05
rf_005_010	5.64593943501246e-05	4.45933863345176e-05	9.5594983175283e-05
cpayroll_trx_delta2	5.61687616115953e-05	9.64085827815465e-05	0.00011471397981034
rf_019_005_delta2	5.60718896670442e-05	0.000454953619530934	0.00011471397981034
rf_008_011_delta1	5.58586571620109e-05	0.000353399091695659	0.000133832976445396
rf_004_013_delta2	5.55772251715789e-05	0.000407785939533493	0.00011471397981034
rf_008_001_lag2	5.55265645692454e-05	3.09374034073139e-05	0.00011471397981034
rf_014_015	5.55004445672565e-05	7.97778818622144e-05	9.5594983175283e-05
rf_013_006_lag1	5.50256261596663e-05	7.36031321282309e-05	0.000133832976445396
rf_019_013_lag1	5.49532597754807e-05	4.38417800201305e-05	0.000191189966350566
rf_019_006_lag2	5.48232264862407e-05	5.72801358074063e-05	9.5594983175283e-05
ctarjeta_visa_delta1	5.47501549691371e-05	0.00168894850506015	0.000191189966350566
rf_006_004_delta1	5.38448891449085e-05	0.000773210732259346	0.000286784949525849
rf_020_003	5.37218541364871e-05	0.000123423893539032	0.00011471397981034
rf_014_003_delta2	5.35915354001562e-05	0.000729165497286104	9.5594983175283e-05
rf_013_009_lag1	5.32638068618915e-05	0.000353638337425646	9.5594983175283e-05
rf_002_009_lag2	5.32467256708669e-05	4.32477492066185e-05	0.000133832976445396
rf_016_007_lag2	5.30102180961184e-05	3.44943820917e-05	0.000133832976445396
kmes_delta1	5.28696820288945e-05	4.68667011825072e-05	5.73569899051698e-05
rf_001_005_delta1	5.2595522541133e-05	0.00135699865780143	0.000133832976445396
rf_007_011_lag2	5.24401974515534e-05	5.69099775042837e-05	3.82379932701132e-05
rf_003_004_lag2	5.22776091641798e-05	5.54891557242902e-05	7.64759865402264e-05
rf_008_004_delta2	5.21307841467011e-05	0.00107625340192385	0.00011471397981034
rf_010_008_lag2	5.16563217517766e-05	3.90820871087914e-05	9.5594983175283e-05
rf_015_004_lag2	5.15798618285599e-05	4.53164080687155e-05	9.5594983175283e-05
rf_018_013	5.10529789959656e-05	0.000140016641822483	9.5594983175283e-05
rf_005_001_delta2	5.09602727583962e-05	0.000134902644240731	0.00011471397981034
rf_013_011_delta2	5.09501050906042e-05	0.000495405364423246	9.5594983175283e-05
rf_019_003	5.08929513027196e-05	5.44874943848865e-05	9.5594983175283e-05
rf_020_008_lag2	5.08666387302434e-05	7.73592420477166e-05	0.00011471397981034
rf_015_014_delta1	5.0688991225106e-05	0.000209312149778165	0.00011471397981034
rf_005_009_delta2	5.06463250119207e-05	8.95122525527024e-05	0.000152951973080453
rf_004_014_lag2	5.03305882849433e-05	0.000301124380106597	0.00011471397981034
rf_010_006_delta2	4.9885958116311e-05	0.000310203227105183	0.000172070969715509
rf_011_004_lag1	4.94158248151737e-05	6.42254681737176e-05	0.00011471397981034
rf_012_011_lag1	4.92063903854147e-05	0.000113417849233469	9.5594983175283e-05
ctarjeta_visa_lag2	4.8404206098982e-05	6.38192788871633e-05	7.64759865402264e-05
rf_013_006_delta2	4.7955504080823e-05	7.85682016451312e-05	0.000152951973080453
rf_001_009_delta2	4.78212136085236e-05	0.000402340216697613	7.64759865402264e-05
rf_011_009_lag2	4.78125905502291e-05	0.00107719405079798	0.000133832976445396
rf_017_001	4.7591846515082e-05	0.000373224059399498	7.64759865402264e-05
rf_006_004_delta2	4.71611587306615e-05	0.000358287775527684	0.000133832976445396
rf_018_001_delta2	4.71115935202081e-05	0.000102517515919128	0.00011471397981034
rf_002_012_lag1	4.67978487279227e-05	4.14848732905792e-05	7.64759865402264e-05
rf_007_005	4.66531136666158e-05	2.23687551341224e-05	5.73569899051698e-05
rf_001_008_lag1	4.65188744385638e-05	4.22720301752857e-05	7.64759865402264e-05
rf_005_013_delta2	4.64962482828438e-05	6.09754734681704e-05	7.64759865402264e-05
rf_018_013_lag1	4.6416191552877e-05	0.000266585319595442	0.00011471397981034
rf_020_005_lag1	4.63117813989217e-05	5.62436445173518e-05	0.00011471397981034
rf_009_004_delta2	4.59524742675e-05	0.000154564751899458	9.5594983175283e-05
rf_005_004_lag2	4.57354902115749e-05	4.21319897530141e-05	7.64759865402264e-05
rf_017_001_lag2	4.57042635854853e-05	0.000800938015249444	9.5594983175283e-05
rf_004_009_delta2	4.56454756455237e-05	0.000139350308835551	7.64759865402264e-05
rf_020_015_delta2	4.54365439488017e-05	0.00140410124182214	0.000133832976445396
rf_007_003_delta1	4.54108055816022e-05	0.000112772654423483	7.64759865402264e-05
rf_014_006	4.53631144485488e-05	3.49481322763843e-05	9.5594983175283e-05
rf_017_005_delta2	4.47575981374737e-05	3.0025098906821e-05	9.5594983175283e-05
rf_016_012	4.47211044019344e-05	4.32996338227602e-05	9.5594983175283e-05
rf_014_014_delta2	4.40977457332064e-05	0.000183347262290994	0.00011471397981034
rf_016_004	4.40921066182524e-05	0.000220797626263438	7.64759865402264e-05
rf_004_013_lag2	4.37875739233994e-05	2.03704767929954e-05	5.73569899051698e-05
rf_009_013_lag1	4.36183805222503e-05	4.44687191318436e-05	9.5594983175283e-05
rf_009_007_delta2	4.35582100664367e-05	0.000816758739661229	0.00011471397981034
rf_006_012_lag1	4.31568656606826e-05	0.000238541924777369	7.64759865402264e-05
rf_002_013_lag1	4.30725527648518e-05	7.99856605333378e-05	0.000210308962985623
rf_008_000	4.2619647402813e-05	0.000140210728719902	9.5594983175283e-05
rf_016_014_delta2	4.24288505058115e-05	7.67505586342757e-05	5.73569899051698e-05
rf_011_004_delta2	4.20966691121594e-05	0.000246956120234916	9.5594983175283e-05
rf_020_006_lag2	4.20818493146204e-05	4.22155816345759e-05	0.000133832976445396
rf_010_001_delta2	4.20185588544718e-05	0.000740691808885933	0.00011471397981034
rf_006_001_lag2	4.18924626744553e-05	7.02805950427077e-05	9.5594983175283e-05
rf_012_011_lag2	4.18168652728333e-05	9.61006379764829e-05	7.64759865402264e-05
rf_009_003_lag1	4.13090019358512e-05	9.84625890437147e-05	0.000172070969715509
rf_017_004_delta1	4.12953741441789e-05	0.00118043795134309	0.00011471397981034
rf_007_003_lag2	4.11545317577239e-05	2.00908763615648e-05	7.64759865402264e-05
rf_002_004_delta2	4.08079280752178e-05	0.00158522275016327	0.000152951973080453
rf_016_010_lag2	4.07669995645739e-05	2.7130129491355e-05	0.00011471397981034
rf_010_007	4.06254638525572e-05	0.000976973389969347	0.000152951973080453
cpayroll_trx_delta1	4.05662653523648e-05	0.000144921179287218	0.000133832976445396
rf_010_001_delta1	4.03605007966571e-05	0.000137557887513098	9.5594983175283e-05
rf_014_013_lag2	4.03538200688342e-05	0.000420404230137861	0.000497093912511472
rf_019_010_lag1	4.02275939864625e-05	7.28825124595951e-05	7.64759865402264e-05
rf_003_002	4.00944846266377e-05	0.000230527433029358	7.64759865402264e-05
rf_011_012_delta2	3.91874954317461e-05	0.000626577120432893	9.5594983175283e-05
rf_017_011	3.91486447404786e-05	0.00106147901727092	0.00011471397981034
cliente_edad_delta2	3.90929489357141e-05	5.24615922897952e-05	0.00011471397981034
rf_003_007_delta2	3.89733597468535e-05	7.18301675368307e-05	7.64759865402264e-05
rf_005_000	3.89267620042143e-05	1.75751930983574e-05	3.82379932701132e-05
rf_015_005_delta2	3.88270967978561e-05	0.000449909762263596	9.5594983175283e-05
rf_020_006_lag1	3.8623164059875e-05	4.03362055387738e-05	0.000191189966350566
rf_006_007_lag2	3.82686677368927e-05	0.00115176089162973	0.00011471397981034
rf_011_008_lag2	3.82306811854593e-05	3.84164747415282e-05	7.64759865402264e-05
rf_016_007_delta2	3.81856947563612e-05	0.000340254268320075	0.000152951973080453
rf_008_001_delta1	3.81658437272459e-05	0.000133005973272882	7.64759865402264e-05
rf_018_006_lag2	3.79392382941761e-05	2.40055226081504e-05	0.000133832976445396
rf_010_008_delta2	3.77803122173947e-05	5.16336002905327e-05	7.64759865402264e-05
rf_012_005	3.76940379419861e-05	0.000368572219231897	5.73569899051698e-05
rf_019_009	3.73583382334199e-05	4.43594251487672e-05	7.64759865402264e-05
rf_008_002_delta1	3.72481733432627e-05	0.000346115788704758	7.64759865402264e-05
rf_020_004_lag1	3.70683084624582e-05	1.95340775642656e-05	5.73569899051698e-05
rf_020_003_delta2	3.68162860175611e-05	6.38644377197311e-05	5.73569899051698e-05
internet_delta1	3.64002869707473e-05	0.000108291120704238	0.00011471397981034
rf_018_002_lag2	3.62301189849257e-05	2.67083267786469e-05	9.5594983175283e-05
rf_013_012_delta2	3.61533413473755e-05	7.78250025602116e-05	7.64759865402264e-05
rf_001_004	3.61202828742967e-05	1.32495534340932e-05	3.82379932701132e-05
rf_003_007_lag1	3.607690488863e-05	3.36769591809108e-05	9.5594983175283e-05
rf_015_015_delta2	3.59788924441017e-05	3.87861526315383e-06	1.91189966350566e-05
rf_019_001	3.59276665368081e-05	0.00122677667851504	0.00011471397981034
rf_002_002	3.58998909399892e-05	0.00012010063583384	7.64759865402264e-05
rf_017_003_lag2	3.54083465460015e-05	0.000111544478301572	7.64759865402264e-05
rf_008_004_delta1	3.5123167454836e-05	0.000526355738984595	7.64759865402264e-05
rf_004_001_lag1	3.50797541376092e-05	2.6985044731403e-05	7.64759865402264e-05
rf_011_002_lag1	3.50030699533838e-05	5.19578791414188e-05	7.64759865402264e-05
rf_015_014_lag1	3.48208357004062e-05	4.9470059838732e-05	7.64759865402264e-05
rf_002_006_delta1	3.47159488400974e-05	0.000520085867454351	5.73569899051698e-05
rf_007_004_delta1	3.45626903770717e-05	0.000100436366316108	7.64759865402264e-05
rf_019_012_lag2	3.43020793963204e-05	0.000323462148594968	9.5594983175283e-05
rf_001_010_delta2	3.40490437987121e-05	0.000204418661815016	3.82379932701132e-05
rf_010_001_lag2	3.39977144589508e-05	7.49134588923669e-05	9.5594983175283e-05
rf_007_006	3.37897214759281e-05	9.4648829550738e-05	5.73569899051698e-05
rf_009_013_lag2	3.37397863842543e-05	5.18296088404016e-05	5.73569899051698e-05
rf_008_008	3.36523529100296e-05	0.000469972294251528	5.73569899051698e-05
rf_018_004	3.35470972259931e-05	2.39589225362453e-05	3.82379932701132e-05
rf_006_012_lag2	3.33667368942289e-05	0.000270310683075732	5.73569899051698e-05
rf_004_009_delta1	3.29644949050266e-05	0.000368216713528704	7.64759865402264e-05
rf_013_012_lag1	3.2903829605093e-05	4.44093881124593e-05	9.5594983175283e-05
rf_008_009_delta2	3.2742112132791e-05	0.00022052931554015	7.64759865402264e-05
rf_017_014_lag2	3.27191196481292e-05	0.000150373627906672	7.64759865402264e-05
rf_020_008	3.25299318204942e-05	3.09936117414675e-05	7.64759865402264e-05
rf_018_001_delta1	3.23753829464086e-05	0.000128450455934323	3.82379932701132e-05
rf_003_011_delta2	3.23371245307576e-05	5.9057183910262e-05	7.64759865402264e-05
kmes_delta2	3.23118918633674e-05	5.30741190081356e-05	5.73569899051698e-05
rf_002_005_delta2	3.20640655132077e-05	0.0012068025425398	0.00011471397981034
rf_010_013_delta2	3.18713860643829e-05	0.000188110558300677	5.73569899051698e-05
rf_008_015_delta2	3.15752914091208e-05	0.000355708677733637	5.73569899051698e-05
rf_007_006_lag1	3.13357472081576e-05	0.000290277853060848	5.73569899051698e-05
rf_006_001_delta2	3.12175213354128e-05	5.32009480698155e-05	7.64759865402264e-05
rf_008_012_lag2	3.11767891711482e-05	2.70186736492727e-05	5.73569899051698e-05
rf_001_006_delta2	3.11638551231195e-05	4.15768724016084e-05	5.73569899051698e-05
rf_020_010_delta2	3.11196761089549e-05	0.000822602965173865	9.5594983175283e-05
rf_003_013_lag1	3.09624878864246e-05	0.000158812084226397	5.73569899051698e-05
rf_003_002_lag1	3.09553180071021e-05	0.000161810822874146	5.73569899051698e-05
rf_017_010_delta2	3.0901005038466e-05	0.0003761281566641	5.73569899051698e-05
rf_017_015_delta2	3.06994322853686e-05	7.34465174535807e-05	5.73569899051698e-05
rf_020_003_lag2	3.06531614270862e-05	2.90013385642459e-05	5.73569899051698e-05
rf_003_014	3.06512082121429e-05	0.000116235712344391	7.64759865402264e-05
rf_014_003	3.06139617355236e-05	0.000123804380724072	5.73569899051698e-05
rf_009_005_lag1	3.05147329143875e-05	1.83611489502828e-05	3.82379932701132e-05
rf_018_015_lag2	3.04887325946868e-05	7.35168979745508e-05	0.00011471397981034
rf_010_002	3.02683228279697e-05	0.000110511109696748	0.000152951973080453
rf_004_009_lag2	3.00531295890666e-05	3.88452434443664e-05	5.73569899051698e-05
rf_019_013_delta1	3.00322819964325e-05	2.34215804699992e-05	5.73569899051698e-05
rf_019_007_delta1	3.00277162182778e-05	0.000629365197930845	7.64759865402264e-05
rf_001_005_lag1	2.99816659799655e-05	4.0057565933568e-05	3.82379932701132e-05
rf_008_001_lag1	2.99217296294503e-05	1.84322500909215e-05	7.64759865402264e-05
rf_020_009	2.98975320958564e-05	0.000153445869760623	5.73569899051698e-05
rf_012_008_delta2	2.98800017085479e-05	0.000530007599258685	7.64759865402264e-05
rf_005_010_lag2	2.9834683993266e-05	5.71874160767085e-05	5.73569899051698e-05
rf_004_001_delta2	2.95759868502996e-05	0.000127613095879368	5.73569899051698e-05
rf_005_010_lag1	2.93240964941927e-05	3.33310617399657e-05	0.00011471397981034
rf_013_006_delta1	2.90451382523743e-05	1.72196873951637e-05	5.73569899051698e-05
rf_003_006_lag2	2.87935006787454e-05	4.0060928825355e-05	5.73569899051698e-05
rf_005_001_delta1	2.8745265817257e-05	0.000179258226084599	7.64759865402264e-05
rf_015_011_lag1	2.86421597078697e-05	0.000104895560825626	0.000286784949525849
rf_003_002_delta2	2.86391303504057e-05	3.90792046301169e-05	3.82379932701132e-05
rf_015_007_delta2	2.8548220897972e-05	0.000199690676169097	5.73569899051698e-05
rf_019_000	2.85196773127904e-05	0.000119864512789084	3.82379932701132e-05
rf_004_013_delta1	2.84610452632234e-05	3.26001131894128e-05	3.82379932701132e-05
rf_012_013	2.84546251681513e-05	6.93344214177889e-05	3.82379932701132e-05
rf_019_015	2.84195730241445e-05	0.000113183888047718	5.73569899051698e-05
rf_015_011_delta2	2.82368254508029e-05	0.000455907960178764	0.000325022942795962
rf_017_008_lag1	2.82003045536143e-05	3.13359060840695e-05	7.64759865402264e-05
rf_005_008_lag2	2.79831649380249e-05	2.98451841962183e-05	9.5594983175283e-05
rf_012_014	2.77838261033813e-05	6.34803474363483e-05	5.73569899051698e-05
rf_006_013_lag2	2.77351850638062e-05	0.000411374865689855	7.64759865402264e-05
rf_010_002_delta2	2.75749502359183e-05	2.34669795091233e-05	3.82379932701132e-05
rf_004_003	2.75333355917731e-05	1.52338997949598e-05	3.82379932701132e-05
rf_004_012_delta2	2.74598599716976e-05	0.000482466878479447	7.64759865402264e-05
rf_010_014_lag1	2.71800194522786e-05	4.40570050944964e-05	5.73569899051698e-05
rf_014_009	2.71648516944791e-05	0.000200813882025944	3.82379932701132e-05
rf_005_008	2.71324415584638e-05	9.01062833662145e-05	0.000344141939431019
rf_017_007_lag1	2.69817700234745e-05	2.15996137411318e-05	5.73569899051698e-05
rf_008_006	2.69198103343091e-05	4.49044538248121e-05	3.82379932701132e-05
rf_012_003_lag2	2.68912155048802e-05	1.96111838688096e-05	5.73569899051698e-05
rf_015_015_lag2	2.6711399440964e-05	3.65517512456551e-05	5.73569899051698e-05
rf_016_001_lag1	2.67109236785835e-05	4.5436030933709e-05	3.82379932701132e-05
rf_001_009_lag2	2.64192090579361e-05	5.73853462790271e-05	5.73569899051698e-05
rf_010_004_lag1	2.63173710954907e-05	1.26120452339067e-05	5.73569899051698e-05
rf_003_006	2.63141297619932e-05	0.000239180634010336	7.64759865402264e-05
rf_007_006_lag2	2.61498390867816e-05	0.000226674279661163	3.82379932701132e-05
rf_019_013_lag2	2.59576122099094e-05	3.89900879977622e-05	0.00011471397981034
rf_014_003_lag2	2.59110754166173e-05	0.000393296199649678	5.73569899051698e-05
rf_011_004_delta1	2.59072002726922e-05	0.000107359839885804	3.82379932701132e-05
rf_001_003_delta1	2.5816305923826e-05	0.000446198570970122	5.73569899051698e-05
rf_008_007_delta2	2.57825656325511e-05	0.000668732890634972	7.64759865402264e-05
rf_012_007_delta2	2.55736703462154e-05	0.00012598017171024	3.82379932701132e-05
rf_012_014_lag1	2.55682357589317e-05	0.000117855184946371	5.73569899051698e-05
rf_015_015_delta1	2.55257046518788e-05	0.000616348404649721	7.64759865402264e-05
rf_015_003_lag2	2.54160484355287e-05	2.62012507384835e-05	5.73569899051698e-05
rf_015_004_lag1	2.53935627295024e-05	2.06308606999292e-05	7.64759865402264e-05
rf_004_014_lag1	2.52952474045018e-05	9.71731602499691e-05	5.73569899051698e-05
rf_001_015_lag1	2.51920555151003e-05	0.000297619526244909	5.73569899051698e-05
rf_007_006_delta1	2.51659042271499e-05	0.000355160045959249	5.73569899051698e-05
rf_018_001_lag2	2.51182783630852e-05	3.66963555924946e-05	7.64759865402264e-05
rf_004_014_delta1	2.50336670983561e-05	0.000141548679238003	3.82379932701132e-05
rf_019_006_lag1	2.4983951008413e-05	0.000466857055424015	5.73569899051698e-05
rf_004_014_delta2	2.48442872396468e-05	0.000217326881732732	5.73569899051698e-05
rf_004_001_lag2	2.48424499985264e-05	0.00010197585013487	5.73569899051698e-05
rf_020_008_delta2	2.48170161300387e-05	4.60723381011144e-05	3.82379932701132e-05
rf_010_005_delta2	2.47035975071076e-05	0.000633278402938093	7.64759865402264e-05
rf_010_014_lag2	2.45331305515587e-05	1.46771009976606e-05	3.82379932701132e-05
rf_014_006_lag1	2.44751582042495e-05	2.48001258960994e-05	5.73569899051698e-05
rf_002_010_lag2	2.44439348146386e-05	1.52809802799773e-05	5.73569899051698e-05
rf_001_003	2.41751155842897e-05	5.49232290778549e-05	5.73569899051698e-05
rf_014_000	2.41493769473836e-05	1.15066146622195e-05	3.82379932701132e-05
rf_019_011_lag1	2.41242532414456e-05	5.97376890840104e-05	3.82379932701132e-05
rf_008_004_lag2	2.40799361375197e-05	7.34947989713793e-05	3.82379932701132e-05
rf_002_011_delta1	2.39852739879413e-05	0.000153510965737356	3.82379932701132e-05
rf_017_007_delta1	2.39567368757173e-05	0.000341075534535763	5.73569899051698e-05
rf_019_014_delta2	2.38913924197318e-05	6.92265686740498e-05	5.73569899051698e-05
rf_012_011_delta2	2.38683157360517e-05	4.45001861907074e-05	3.82379932701132e-05
rf_015_012_lag1	2.38514552998506e-05	9.48429164481573e-05	5.73569899051698e-05
rf_013_002_lag1	2.36742149336296e-05	2.31840161859056e-05	5.73569899051698e-05
rf_012_001_delta1	2.36472086100157e-05	7.82496877515942e-05	5.73569899051698e-05
rf_014_009_lag2	2.35674839546829e-05	0.000297445376491655	3.82379932701132e-05
rf_019_015_lag1	2.34651637568994e-05	0.000308256352967085	5.73569899051698e-05
rf_012_001_lag2	2.34554743214073e-05	4.79036728856741e-05	0.00011471397981034
rf_005_010_delta1	2.3271622325893e-05	3.36673509186623e-06	1.91189966350566e-05
rf_016_001_delta2	2.32294715050967e-05	5.96019723797507e-05	3.82379932701132e-05
rf_011_005_delta1	2.32203907547615e-05	8.12914233729057e-05	5.73569899051698e-05
rf_011_014_delta2	2.31544013798092e-05	0.000802795052135518	7.64759865402264e-05
rf_019_009_delta2	2.30682042067649e-05	4.25691656853198e-05	5.73569899051698e-05
rf_020_014	2.30098591586962e-05	6.95546908298352e-05	3.82379932701132e-05
rf_010_007_delta1	2.29430575624236e-05	0.000215740797842065	9.5594983175283e-05
rf_005_004	2.29017602280521e-05	2.21006846173899e-05	3.82379932701132e-05
rf_015_001_delta1	2.28812957367369e-05	0.000165359634535621	5.73569899051698e-05
rf_004_013_lag1	2.28777897873858e-05	4.26200894752367e-05	5.73569899051698e-05
rf_017_002_lag2	2.28342035882509e-05	2.81036866636819e-05	3.82379932701132e-05
rf_014_013_lag1	2.27894611865021e-05	0.000199487221215986	0.000248546956255736
rf_007_000_lag2	2.27819527960105e-05	6.74838701087323e-05	5.73569899051698e-05
rf_004_008_lag1	2.27784822119327e-05	4.54285845304665e-05	3.82379932701132e-05
rf_012_002_lag2	2.27492309167248e-05	5.10645509588667e-05	5.73569899051698e-05
rf_011_011_delta2	2.27156934447867e-05	0.00021802900549654	3.82379932701132e-05
rf_019_000_lag2	2.26104679678855e-05	0.000269357543460683	5.73569899051698e-05
rf_007_015_lag1	2.25746250442302e-05	4.30478973518501e-05	5.73569899051698e-05
rf_018_010_lag2	2.25491410103214e-05	2.90001375314648e-06	1.91189966350566e-05
rf_003_010_lag2	2.25304201382353e-05	5.47939979506129e-05	3.82379932701132e-05
rf_016_002_lag2	2.24165373503059e-05	2.92867039530256e-05	5.73569899051698e-05
rf_009_005	2.2405036753228e-05	3.85007872427586e-05	7.64759865402264e-05
rf_013_002_lag2	2.23768794272894e-05	2.05542348084976e-05	3.82379932701132e-05
rf_012_013_delta2	2.22612400405025e-05	0.000112956892852098	3.82379932701132e-05
rf_002_011_lag2	2.22258825886641e-05	0.00010283891229134	5.73569899051698e-05
rf_001_000_lag1	2.21633748557587e-05	1.63237169404933e-05	5.73569899051698e-05
rf_004_007	2.21110426121357e-05	0.000133782561069115	3.82379932701132e-05
rf_001_012	2.21042066295405e-05	0.00038785984486949	5.73569899051698e-05
rf_008_006_lag2	2.20023897042072e-05	0.000140079816146767	5.73569899051698e-05
rf_002_001_delta2	2.19692055478691e-05	0.00058862640620386	5.73569899051698e-05
rf_014_006_lag2	2.18786256768578e-05	2.5879854366272e-05	3.82379932701132e-05
rf_005_015_lag2	2.18475900030161e-05	0.000140826858536586	3.82379932701132e-05
rf_003_001_delta2	2.17008734075765e-05	0.000525781164902136	5.73569899051698e-05
rf_014_006_delta1	2.16686607342854e-05	8.03827219707561e-06	3.82379932701132e-05
rf_001_011_lag2	2.16085086185183e-05	6.25961471029322e-05	3.82379932701132e-05
rf_003_000	2.15244502522474e-05	0.000175167268225754	3.82379932701132e-05
Master_status_delta2	2.14701692705132e-05	7.35887197348582e-05	0.000133832976445396
rf_015_015	2.14625687779858e-05	1.79155657885097e-05	5.73569899051698e-05
rf_010_010_lag1	2.14549981147077e-05	5.18702037484015e-05	3.82379932701132e-05
rf_011_008_delta2	2.14415845284066e-05	2.90820479671331e-05	3.82379932701132e-05
rf_006_012_delta2	2.13377771686239e-05	0.000282843940559201	3.82379932701132e-05
rf_005_004_delta2	2.12457009655902e-05	3.81010835332219e-05	3.82379932701132e-05
rf_007_005_delta1	2.11293635360715e-05	1.65468688312141e-05	7.64759865402264e-05
rf_004_005_lag1	2.10582883465657e-05	6.36943714779331e-05	3.82379932701132e-05
rf_015_006_lag1	2.07480260054469e-05	7.48106504863082e-05	3.82379932701132e-05
rf_014_000_lag2	2.06840445958707e-05	5.50171498413338e-05	3.82379932701132e-05
rf_012_006_lag1	2.06380849789642e-05	0.000189205179577335	3.82379932701132e-05
rf_008_009	2.06175376540202e-05	0.000118503262235031	3.82379932701132e-05
rf_018_003_delta2	2.05648003111366e-05	0.000204120325272201	3.82379932701132e-05
rf_006_005_delta2	2.04681908801593e-05	0.000161695523727165	3.82379932701132e-05
rf_020_003_lag1	2.04463694614025e-05	3.982408516093e-05	5.73569899051698e-05
rf_002_014_lag1	2.03978751421987e-05	8.95353123820988e-05	3.82379932701132e-05
rf_006_009_lag2	2.03729472432268e-05	9.49464454738846e-05	3.82379932701132e-05
rf_007_015_delta1	2.03558570170323e-05	0.00013349623485411	3.82379932701132e-05
rf_003_009_delta2	2.03313655032826e-05	8.47878700051264e-05	3.82379932701132e-05
rf_004_013	2.03017215153161e-05	2.3784052163323e-05	5.73569899051698e-05
rf_003_005_lag1	2.0173666688908e-05	1.21100135314238e-05	7.64759865402264e-05
rf_013_005_lag1	2.01325647942597e-05	0.00020989585170976	3.82379932701132e-05
rf_018_002_lag1	2.005233005796e-05	4.36719539848887e-05	5.73569899051698e-05
rf_015_009_lag2	1.97592423611906e-05	8.54887927361528e-05	3.82379932701132e-05
rf_003_013	1.97231885270015e-05	4.93537998655254e-05	3.82379932701132e-05
rf_007_012_lag1	1.93501266304741e-05	1.41354352134027e-05	5.73569899051698e-05
rf_020_014_lag2	1.93145671684186e-05	1.89371642720789e-05	3.82379932701132e-05
rf_016_004_delta1	1.92045589850012e-05	0.0005792643556755	5.73569899051698e-05
rf_007_012_delta1	1.91032824167707e-05	2.84214799375503e-05	5.73569899051698e-05
rf_002_006_delta2	1.90475805941785e-05	0.00027198612380531	3.82379932701132e-05
rf_003_011	1.90181847362517e-05	1.44453016709161e-05	3.82379932701132e-05
rf_013_011_lag1	1.9002327069059e-05	6.42211444557058e-05	3.82379932701132e-05
rf_018_012_lag1	1.89935556721538e-05	1.26608071648177e-05	3.82379932701132e-05
rf_017_009	1.89808255222883e-05	5.79467090008943e-05	3.82379932701132e-05
rf_006_013_lag1	1.89658066425126e-05	0.000101728437381972	3.82379932701132e-05
rf_019_003_lag1	1.88839776707075e-05	1.22695106847485e-05	3.82379932701132e-05
rf_002_011_lag1	1.87143322413555e-05	3.97282427450015e-05	5.73569899051698e-05
rf_017_005_delta1	1.86796916695667e-05	5.78986676896519e-05	3.82379932701132e-05
rf_007_004_delta2	1.8645998468821e-05	2.65195244254643e-05	7.64759865402264e-05
rf_012_015_lag2	1.85885130499812e-05	0.000181556042001322	3.82379932701132e-05
rf_008_012	1.85441900813861e-05	2.53064813165941e-05	9.5594983175283e-05
rf_012_008	1.85379802885594e-05	4.46147647180205e-05	3.82379932701132e-05
rf_010_007_delta2	1.84929495410627e-05	0.000146303327811661	9.5594983175283e-05
rf_009_013_delta2	1.8445801597031e-05	0.00010362582896949	1.91189966350566e-05
rf_006_003_delta2	1.83654473807231e-05	0.000193416480920842	3.82379932701132e-05
rf_017_000_delta2	1.83326100670276e-05	0.00057346288692987	5.73569899051698e-05
rf_019_003_delta1	1.8230102692888e-05	0.000643284687450213	5.73569899051698e-05
rf_016_012_delta2	1.8178302310611e-05	5.57183127789164e-05	3.82379932701132e-05
rf_001_000_lag2	1.81458436649327e-05	2.3832814094234e-05	3.82379932701132e-05
rf_007_011_delta1	1.8075519296362e-05	7.69405620202393e-06	3.82379932701132e-05
rf_010_000_delta1	1.80374291776076e-05	0.000231575454234111	3.82379932701132e-05
rf_017_008_lag2	1.79801839591974e-05	3.55861208896831e-05	3.82379932701132e-05
rf_004_005_delta1	1.79494811032569e-05	0.000203639912159777	3.82379932701132e-05
rf_002_014_lag2	1.78985955656483e-05	6.40174492960381e-06	3.82379932701132e-05
rf_009_014_delta1	1.78939668615806e-05	3.9525988824671e-06	1.91189966350566e-05
rf_006_003	1.782967879564e-05	1.75994539605348e-05	3.82379932701132e-05
rf_016_012_lag1	1.77160371253797e-05	2.26634885785944e-05	3.82379932701132e-05
rf_013_008	1.77060331694726e-05	9.84726777190756e-06	1.91189966350566e-05
entrenamiento_delta1	1.76833550278123e-05	9.10565405025888e-05	7.64759865402264e-05
rf_011_013_delta1	1.76409811539759e-05	0.000130593819035402	0.000152951973080453
rf_008_010_lag2	1.75477608655262e-05	6.58483036674854e-05	0.00011471397981034
rf_015_013_lag1	1.73878948572443e-05	2.19162059822191e-05	3.82379932701132e-05
rf_014_001_lag1	1.73055038169578e-05	2.14088897354996e-05	1.91189966350566e-05
rf_005_013_lag1	1.72912714015255e-05	2.55716693546521e-05	3.82379932701132e-05
rf_002_001	1.71334445138495e-05	8.99775326520849e-05	3.82379932701132e-05
rf_007_003_lag1	1.70967255832713e-05	1.35166631246008e-05	3.82379932701132e-05
rf_012_002	1.70534289777927e-05	0.000156129937819735	0.000172070969715509
rf_011_002_lag2	1.69722079957794e-05	1.63616695763748e-05	5.73569899051698e-05
rf_004_015_delta2	1.6956127011551e-05	0.000257563641757234	3.82379932701132e-05
rf_018_006_delta1	1.68727143227965e-05	0.000206175052154038	3.82379932701132e-05
rf_005_013_lag2	1.68669490752642e-05	9.30344012864377e-06	1.91189966350566e-05
rf_003_008_delta1	1.6676169978896e-05	0.000531731561712618	5.73569899051698e-05
rf_002_014_delta2	1.66372745163386e-05	5.68247041768285e-05	3.82379932701132e-05
rf_019_000_lag1	1.65938145398761e-05	6.13235327681215e-05	3.82379932701132e-05
rf_001_010_lag1	1.65886259249796e-05	0.000178110278952462	3.82379932701132e-05
rf_006_003_lag1	1.65289107338477e-05	1.32509946734304e-05	3.82379932701132e-05
rf_004_015	1.65286922715301e-05	0.000386088081310871	3.82379932701132e-05
rf_006_002	1.65129380129687e-05	3.62894456862716e-05	7.64759865402264e-05
rf_016_002_lag1	1.64731586109811e-05	1.6333565409298e-05	3.82379932701132e-05
rf_009_012_lag2	1.64710171408555e-05	1.00031618268891e-05	3.82379932701132e-05
rf_002_009_delta1	1.64006043085315e-05	2.81438011585693e-05	3.82379932701132e-05
rf_009_002_lag1	1.63670951557827e-05	2.59855452510052e-05	5.73569899051698e-05
rf_003_005_delta2	1.63626231512293e-05	2.36901313998441e-05	3.82379932701132e-05
rf_007_011_delta2	1.63607670306493e-05	3.49723931385617e-05	5.73569899051698e-05
rf_011_009_lag1	1.63064955968243e-05	2.61837156598801e-05	1.91189966350566e-05
rf_018_004_lag1	1.62922480778244e-05	8.68022421855195e-05	3.82379932701132e-05
rf_006_003_lag2	1.62484999198972e-05	1.50578283892565e-05	3.82379932701132e-05
rf_001_012_lag1	1.61518231971319e-05	3.30324849905943e-05	3.82379932701132e-05
rf_010_006_delta1	1.61287768722971e-05	0.000242090496232288	9.5594983175283e-05
rf_008_000_lag1	1.60639328399862e-05	8.11674767899004e-05	3.82379932701132e-05
rf_009_012_delta1	1.59941646063524e-05	5.61992063044526e-05	5.73569899051698e-05
rf_006_007_lag1	1.5975887131859e-05	4.59625637049256e-05	1.91189966350566e-05
rf_008_010_delta1	1.59728070828873e-05	0.000167457838804132	3.82379932701132e-05
rf_019_006	1.5947615410895e-05	0.000295245564849867	3.82379932701132e-05
rf_005_004_lag1	1.59191543559223e-05	4.02139404016619e-05	3.82379932701132e-05
rf_003_014_lag1	1.57522550788146e-05	5.40570442361547e-05	3.82379932701132e-05
rf_019_014_lag1	1.57452281439714e-05	0.000199413958216341	3.82379932701132e-05
rf_003_014_delta1	1.560278531876e-05	2.14723042663395e-05	3.82379932701132e-05
rf_009_007	1.55737924024413e-05	0.000295772097621083	3.82379932701132e-05
rf_006_002_lag2	1.5540785713023e-05	9.49656619983816e-06	1.91189966350566e-05
rf_016_008_delta2	1.55264618544227e-05	9.68248607434618e-06	3.82379932701132e-05
rf_009_008	1.53791991158316e-05	6.96036929673025e-05	1.91189966350566e-05
rf_004_007_delta2	1.51453327774736e-05	0.000314438308897755	3.82379932701132e-05
rf_007_014_delta2	1.51332499233639e-05	1.48935271048075e-05	3.82379932701132e-05
rf_014_002_lag1	1.51273406525259e-05	0.000119526301957938	3.82379932701132e-05
rf_008_013_delta1	1.50691595523355e-05	9.93974729604914e-06	1.91189966350566e-05
rf_010_013_lag2	1.50330895357525e-05	3.51953048227264e-05	3.82379932701132e-05
rf_009_006_delta2	1.49510377863247e-05	3.01970868010688e-05	1.91189966350566e-05
rf_005_003_delta2	1.4950939073722e-05	0.000113543477262367	3.82379932701132e-05
rf_013_001_delta2	1.49016662465184e-05	5.72940677876666e-06	3.82379932701132e-05
rf_006_010_lag2	1.48911948891343e-05	3.59202482093739e-05	9.5594983175283e-05
rf_014_002	1.48113233127243e-05	1.18078336837092e-05	1.91189966350566e-05
rf_013_003_lag2	1.4767669147535e-05	3.32854224942854e-05	3.82379932701132e-05
rf_003_011_delta1	1.47058933982469e-05	0.000152255406068036	3.82379932701132e-05
rf_006_010_delta2	1.47054577435472e-05	6.94192143321317e-05	9.5594983175283e-05
rf_019_012_lag1	1.46822153549111e-05	0.000123332615047672	5.73569899051698e-05
rf_019_002_lag2	1.44553559576964e-05	1.60309051484709e-05	3.82379932701132e-05
rf_015_003_lag1	1.44119175577591e-05	8.65320098097811e-06	5.73569899051698e-05
rf_018_014_lag1	1.43272399947456e-05	7.97925344621434e-05	5.73569899051698e-05
rf_009_003_lag2	1.43239686165168e-05	2.1260922496873e-05	5.73569899051698e-05
rf_006_014_lag2	1.43125695263213e-05	2.49159054561936e-05	3.82379932701132e-05
rf_008_014_delta2	1.42281454379482e-05	8.34919556343631e-05	1.91189966350566e-05
rf_010_008_delta1	1.42146595702877e-05	0.000222310687361017	3.82379932701132e-05
rf_011_009_delta2	1.42037526368012e-05	0.000369580125941763	3.82379932701132e-05
rf_010_007_lag1	1.41688304913587e-05	0.000133255788091342	5.73569899051698e-05
rf_020_013	1.41017900699228e-05	7.20547606668889e-06	1.91189966350566e-05
rf_013_009	1.37861028509567e-05	8.10966158558179e-05	3.82379932701132e-05
rf_017_008_delta2	1.37729713777225e-05	2.62617827906489e-05	3.82379932701132e-05
rf_012_001_lag1	1.37443070869333e-05	7.41090071356132e-05	5.73569899051698e-05
rf_002_010_lag1	1.36969427153032e-05	1.19589236075665e-05	3.82379932701132e-05
rf_015_005_lag2	1.36018592840703e-05	5.62400414190087e-05	3.82379932701132e-05
rf_014_015_lag1	1.35495345922311e-05	6.88431990103355e-06	1.91189966350566e-05
rf_018_014_lag2	1.34152895663895e-05	2.15976920886821e-05	0.00011471397981034
rf_008_001_delta2	1.34016231967088e-05	4.19972338749792e-05	3.82379932701132e-05
rf_016_013_delta2	1.33996732182442e-05	1.51981090180842e-05	3.82379932701132e-05
rf_003_004_lag1	1.32180193737944e-05	2.65841399890853e-05	3.82379932701132e-05
rf_015_010	1.3060215680883e-05	1.60054432535125e-05	1.91189966350566e-05
rf_005_012_delta2	1.30176576031737e-05	0.000366367843665541	3.82379932701132e-05
rf_006_014_delta2	1.29972251732264e-05	2.36002941478209e-05	3.82379932701132e-05
rf_006_000_lag1	1.29515830009468e-05	2.37996655894768e-05	3.82379932701132e-05
rf_001_012_delta2	1.28537666330913e-05	2.37720418355124e-05	3.82379932701132e-05
rf_015_004_delta1	1.26970557911811e-05	2.83671932558464e-05	1.91189966350566e-05
rf_005_008_delta2	1.25524139587288e-05	8.00176080053139e-06	3.82379932701132e-05
rf_009_014_lag2	1.25002541472176e-05	6.51454592840093e-05	1.91189966350566e-05
rf_015_009	1.24327045197871e-05	3.01355939226785e-05	1.91189966350566e-05
rf_005_012_lag1	1.23475624725381e-05	6.18680810310539e-05	1.91189966350566e-05
rf_001_013_lag2	1.22931707495852e-05	0.000435688813516182	3.82379932701132e-05
rf_016_014_lag2	1.2207051825158e-05	2.89823622463051e-05	1.91189966350566e-05
rf_011_003_lag1	1.21769396265947e-05	3.09338003089707e-06	1.91189966350566e-05
rf_006_010_delta1	1.21708928292379e-05	1.85898255917965e-05	3.82379932701132e-05
rf_009_002_delta1	1.21492860730775e-05	7.7008300269091e-05	1.91189966350566e-05
rf_018_006_delta2	1.21379191550445e-05	3.31211212098365e-05	5.73569899051698e-05
rf_018_014	1.20943778466901e-05	5.39254110433506e-05	0.00011471397981034
rf_012_005_lag2	1.2055283625757e-05	0.000182653065343542	1.91189966350566e-05
rf_011_003_lag2	1.20422160241126e-05	6.18291675689476e-05	9.5594983175283e-05
rf_018_002_delta1	1.18821223016243e-05	3.27108484118265e-05	3.82379932701132e-05
rf_011_011_lag2	1.18819162458086e-05	3.87837505659762e-05	1.91189966350566e-05
rf_010_009_lag2	1.18174563767862e-05	2.41628579024692e-05	3.82379932701132e-05
rf_011_001_lag1	1.18166116558248e-05	2.90940582949437e-05	1.91189966350566e-05
rf_018_007_delta2	1.17385251323149e-05	4.18002644988855e-05	1.91189966350566e-05
rf_007_010_delta2	1.16131161168643e-05	1.04535491197864e-05	5.73569899051698e-05
rf_002_008_lag2	1.1611486867267e-05	3.95677847654519e-05	1.91189966350566e-05
rf_016_011	1.15155921586868e-05	6.3374656551615e-05	1.91189966350566e-05
rf_002_003_delta1	1.15084147275804e-05	2.93467555920786e-05	1.91189966350566e-05
rf_006_014	1.1502358422317e-05	0.000135036919705654	5.73569899051698e-05
rf_018_008_delta1	1.14608287800873e-05	2.62440075054893e-05	1.91189966350566e-05
rf_017_006	1.13942425445067e-05	1.64909007036168e-05	1.91189966350566e-05
rf_001_007_lag2	1.13363036408116e-05	0.000349109483014827	3.82379932701132e-05
rf_008_006_lag1	1.12045762574255e-05	1.16055797633788e-05	1.91189966350566e-05
rf_017_013_delta2	1.11985833775524e-05	7.28330299090155e-06	1.91189966350566e-05
rf_007_010_lag1	1.11969561029928e-05	4.73869885832622e-05	5.73569899051698e-05
rf_005_008_delta1	1.10943741549879e-05	7.47763009487699e-06	1.91189966350566e-05
rf_017_013_lag1	1.10905615829858e-05	4.92999935969339e-06	1.91189966350566e-05
rf_008_013_lag1	1.10709021320537e-05	1.31827760114662e-05	1.91189966350566e-05
rf_006_003_delta1	1.10339998010113e-05	9.77506168111025e-05	1.91189966350566e-05
rf_013_005_lag2	1.10334830432328e-05	4.36935725749478e-05	1.91189966350566e-05
rf_013_004_lag2	1.10224455717689e-05	2.17790480386221e-05	1.91189966350566e-05
rf_009_012_delta2	1.10217017393601e-05	0.000195080391735722	5.73569899051698e-05
rf_007_002_lag2	1.09404876802258e-05	4.39914287046506e-06	3.82379932701132e-05
rf_010_005	1.08514807379012e-05	4.93377060262592e-05	1.91189966350566e-05
rf_019_014_delta1	1.07529644815096e-05	4.31098706433528e-05	1.91189966350566e-05
rf_008_009_lag1	1.06013570272213e-05	8.06421450514649e-06	1.91189966350566e-05
rf_012_005_delta2	1.05548509848143e-05	3.61904805851123e-05	1.91189966350566e-05
rf_004_001_delta1	1.05483025094173e-05	7.49134588923669e-05	1.91189966350566e-05
rf_009_010	1.05069920942774e-05	6.00393885186126e-05	1.91189966350566e-05
rf_018_013_lag2	1.04373355191615e-05	2.18515904185981e-06	1.91189966350566e-05
rf_001_000	1.04217378490975e-05	1.90277221437708e-05	1.91189966350566e-05
rf_001_013	1.03361038570741e-05	2.54006422866292e-05	1.91189966350566e-05
rf_003_014_delta2	1.03276490956761e-05	6.61144525317682e-06	1.91189966350566e-05
rf_003_004_delta2	1.02766616089859e-05	3.7687447843425e-05	1.91189966350566e-05
rf_016_007_delta1	1.02222054261639e-05	2.74541681356849e-05	3.82379932701132e-05
Master_status_delta1	1.01995055761121e-05	8.01617319390411e-05	0.00011471397981034
rf_020_008_delta1	1.01209956103083e-05	1.3972575168291e-05	1.91189966350566e-05
rf_013_000_delta1	1.01153943443674e-05	1.46184905979449e-05	1.91189966350566e-05
rf_007_012_lag2	1.00411874311956e-05	4.41802310578331e-05	7.64759865402264e-05
rf_016_013_lag2	1.00409631117906e-05	2.01074506139434e-05	3.82379932701132e-05
rf_014_010_lag2	9.96758651616606e-06	2.05727307133259e-05	1.91189966350566e-05
rf_018_000_lag1	9.92437736680894e-06	8.45310891965359e-05	1.91189966350566e-05
rf_006_011_delta2	9.89336650597127e-06	4.97587881192987e-06	1.91189966350566e-05
rf_015_007_delta1	9.87298639909757e-06	3.28090928933172e-05	1.91189966350566e-05
rf_010_000_lag2	9.83777782528305e-06	9.85308077056788e-05	1.91189966350566e-05
rf_008_015	9.80818669980326e-06	8.44974602786662e-06	1.91189966350566e-05
rf_020_014_lag1	9.80014081355774e-06	0.000125307833559402	1.91189966350566e-05
rf_010_011_lag1	9.7351943938921e-06	1.6551192549226e-05	1.91189966350566e-05
rf_009_015_lag1	9.72938059917809e-06	5.0566122354727e-05	1.91189966350566e-05
rf_001_001_lag1	9.60574926745863e-06	2.00668557059436e-05	1.91189966350566e-05
rf_007_015_delta2	9.60282888477338e-06	3.58424212851613e-05	1.91189966350566e-05
rf_020_010_lag1	9.50963232066887e-06	0.000130161927647333	1.91189966350566e-05
rf_014_003_lag1	9.50153357193662e-06	3.3191982143919e-05	1.91189966350566e-05
rf_019_003_delta2	9.4743633325838e-06	4.96679900410506e-05	1.91189966350566e-05
rf_011_011_lag1	9.4707816294013e-06	2.34083691094076e-05	1.91189966350566e-05
rf_005_011_lag2	9.42119445919629e-06	5.87184926660032e-06	1.91189966350566e-05
rf_008_012_delta1	9.41429212878616e-06	5.49830405103517e-05	1.91189966350566e-05
rf_001_007	9.40618582827009e-06	1.82530559999874e-05	3.82379932701132e-05
rf_015_012_lag2	9.33546768811457e-06	3.361930960742e-06	1.91189966350566e-05
rf_019_015_delta1	9.32532995775132e-06	5.66190873647111e-06	1.91189966350566e-05
rf_004_014	9.28843949379779e-06	2.4903895128383e-05	1.91189966350566e-05
rf_016_001_lag2	9.24889511724517e-06	2.01468444891622e-05	1.91189966350566e-05
rf_015_010_lag2	9.21912598543252e-06	3.9525988824671e-06	1.91189966350566e-05
rf_004_008_lag2	9.19917848788899e-06	5.31733243158511e-05	1.91189966350566e-05
rf_003_005_delta1	9.1811405128253e-06	2.94517258571432e-05	1.91189966350566e-05
rf_016_012_delta1	9.16111857626985e-06	3.14110907361638e-05	1.91189966350566e-05
rf_006_000	9.13329133172482e-06	4.91248830174555e-05	1.91189966350566e-05
rf_017_009_delta1	9.11565468002976e-06	0.000102522079843696	1.91189966350566e-05
rf_008_010_lag1	9.06031576375355e-06	9.32392974788865e-05	0.000172070969715509
rf_001_006_delta1	9.05048386450209e-06	6.68847949575398e-05	1.91189966350566e-05
rf_005_000_lag2	9.03142801686228e-06	7.31140715797834e-06	1.91189966350566e-05
rf_019_012_delta2	9.03053645124186e-06	0.000116880426741263	7.64759865402264e-05
rf_016_006	9.03010861234656e-06	9.22503670869621e-05	1.91189966350566e-05
rf_013_013_lag1	9.0230779016115e-06	2.08026083876207e-05	1.91189966350566e-05
rf_005_002	8.98819513332744e-06	4.54302659763599e-06	1.91189966350566e-05
rf_009_003_delta1	8.97263819132517e-06	1.87111299026835e-05	3.82379932701132e-05
rf_004_007_lag1	8.97132121179806e-06	1.91413398448591e-05	1.91189966350566e-05
rf_006_008_lag1	8.95998059015514e-06	6.3257916165296e-05	1.91189966350566e-05
rf_015_006_lag2	8.94236012085399e-06	7.27974793386961e-05	1.91189966350566e-05
rf_007_015_lag2	8.90388863701673e-06	8.72502274128548e-06	1.91189966350566e-05
rf_005_015	8.88466179541475e-06	1.90423747436998e-05	1.91189966350566e-05
rf_001_008_delta2	8.83588698138336e-06	1.99412276770448e-05	1.91189966350566e-05
rf_006_005_lag2	8.82915132963037e-06	0.00014482149356639	1.91189966350566e-05
rf_019_008_lag1	8.8157728051827e-06	1.69155858949994e-05	1.91189966350566e-05
rf_013_010	8.8105545225641e-06	3.86266554782136e-05	1.91189966350566e-05
rf_009_015_delta2	8.76955103349512e-06	0.000160529801309868	1.91189966350566e-05
rf_013_010_lag1	8.7578603327309e-06	0.000102984957877516	1.91189966350566e-05
rf_010_013_lag1	8.73954294166592e-06	4.46909101963397e-05	1.91189966350566e-05
rf_004_011_delta1	8.73060581007653e-06	0.000122404937327581	3.82379932701132e-05
rf_011_000_lag2	8.73058167133897e-06	0.000177376447923235	1.91189966350566e-05
rf_013_009_delta1	8.68286140997653e-06	0.000213040155530574	1.91189966350566e-05
rf_015_008_lag2	8.64382947589732e-06	0.000170548096149799	1.91189966350566e-05
rf_005_008_lag1	8.59382560308832e-06	7.95645784402983e-05	7.64759865402264e-05
rf_020_012_lag2	8.59201021416081e-06	0.00018968487207009	1.91189966350566e-05
rf_005_000_lag1	8.57430667523764e-06	2.5629318928143e-05	1.91189966350566e-05
rf_018_003	8.55787021775661e-06	2.64553892749557e-05	1.91189966350566e-05
rf_017_003_lag1	8.54538981617022e-06	0.000214664432263679	1.91189966350566e-05
rf_014_004	8.51598428125642e-06	4.66293771049698e-05	9.5594983175283e-05
rf_015_012	8.51288370213648e-06	3.64263634233124e-05	1.91189966350566e-05
rf_001_003_delta2	8.49434299403572e-06	2.81791115223325e-05	1.91189966350566e-05
rf_010_009_lag1	8.47969576990655e-06	1.65756936179596e-05	1.91189966350566e-05
rf_002_009_lag1	8.42678009216517e-06	3.73192111927521e-05	7.64759865402264e-05
rf_018_008_delta2	8.41620630510476e-06	1.25702492931259e-05	1.91189966350566e-05
rf_017_001_delta2	8.41200265858348e-06	3.01315104112229e-06	1.91189966350566e-05
rf_017_012_lag1	8.32395910810886e-06	9.20310585011406e-05	1.91189966350566e-05
rf_014_000_lag1	8.32022798748938e-06	1.00103680235754e-05	1.91189966350566e-05
rf_019_009_delta1	8.31470655469177e-06	0.000167922638490402	1.91189966350566e-05
rf_003_007_delta1	8.29440735978755e-06	4.90926953389231e-05	1.91189966350566e-05
rf_003_010_lag1	8.2819852148192e-06	6.86654461587387e-06	1.91189966350566e-05
rf_013_002_delta2	8.26222273597923e-06	4.0775062916973e-06	1.91189966350566e-05
rf_007_005_lag2	8.26140061680676e-06	1.73729391780269e-05	5.73569899051698e-05
rf_002_006	8.24626419853128e-06	0.00018909132166969	1.91189966350566e-05
rf_019_002_delta1	8.23097884866944e-06	1.32075172867561e-05	1.91189966350566e-05
rf_007_001_lag1	8.21225204303886e-06	0.000123085922914442	1.91189966350566e-05
rf_014_010	8.20252480606747e-06	4.44211582337137e-05	1.91189966350566e-05
rf_018_000_delta1	8.1755234030243e-06	0.000152377671205148	1.91189966350566e-05
rf_001_005_lag2	8.16302951610967e-06	2.02916890425579e-05	1.91189966350566e-05
rf_003_001	8.15916462103397e-06	0.000158064561423465	1.91189966350566e-05
rf_001_004_lag1	8.14121888561549e-06	4.91897387876327e-05	1.91189966350566e-05
rf_017_000_lag2	8.13956180848045e-06	2.65519523105529e-05	1.91189966350566e-05
rf_013_004_lag1	8.13274902064987e-06	6.07333452595088e-05	1.91189966350566e-05
rf_020_004_lag2	8.13047000017607e-06	5.88385959441092e-06	1.91189966350566e-05
rf_002_008	8.12817857320027e-06	4.39594812326744e-05	1.91189966350566e-05
rf_017_003	8.12178167289285e-06	0.000123403475981754	1.91189966350566e-05
rf_017_004_lag2	8.116192813454e-06	9.93302151247521e-06	1.91189966350566e-05
rf_009_000_lag1	8.1151841109011e-06	3.3608019899278e-05	1.91189966350566e-05
rf_019_015_delta2	8.10375610433114e-06	9.98569881025248e-05	1.91189966350566e-05
rf_017_001_delta1	8.09312696860655e-06	0.000187609007011306	1.91189966350566e-05
rf_016_004_delta2	8.08614426564006e-06	0.000170329508183646	1.91189966350566e-05
rf_014_007_lag1	8.08030997322711e-06	5.7846542866954e-06	1.91189966350566e-05
rf_018_007	8.05220600974644e-06	3.31300088524163e-05	1.91189966350566e-05
rf_008_010_delta2	8.04222558814471e-06	5.27575267670483e-05	0.00011471397981034
rf_009_008_lag2	8.0328950196962e-06	7.33014326936287e-06	1.91189966350566e-05
rf_010_009	8.00083823679966e-06	1.53657731943201e-05	1.91189966350566e-05
rf_016_001_delta1	7.94886793938677e-06	4.18824151411099e-05	1.91189966350566e-05
rf_014_004_lag1	7.94362592259045e-06	2.77222386524174e-06	1.91189966350566e-05
rf_016_014_lag1	7.9070833801057e-06	1.66981989616277e-05	1.91189966350566e-05
rf_003_013_lag2	7.89109949024065e-06	0.000129227764350225	1.91189966350566e-05
rf_016_000_lag1	7.8860338615378e-06	5.28238237765628e-06	1.91189966350566e-05
rf_013_008_delta1	7.84048091250373e-06	0.000100857448409147	3.82379932701132e-05
rf_002_015_lag2	7.80301656260754e-06	1.08042506918558e-05	1.91189966350566e-05
rf_004_005_delta2	7.78148372987526e-06	0.000120430919848632	1.91189966350566e-05
rf_010_003	7.76886901441953e-06	1.23980211923219e-05	1.91189966350566e-05
rf_003_006_lag1	7.74793546967456e-06	1.298532622226e-05	1.91189966350566e-05
rf_020_004	7.72865306852019e-06	2.35450466398921e-06	1.91189966350566e-05
rf_007_000_delta1	7.70488113188571e-06	0.00013229015773537	1.91189966350566e-05
rf_009_000_lag2	7.64939332145279e-06	1.95751528853778e-05	1.91189966350566e-05
rf_008_015_lag1	7.6465301165593e-06	9.05578716918929e-06	1.91189966350566e-05
rf_010_004	7.63414195461813e-06	0.000194573796108671	1.91189966350566e-05
rf_016_011_lag2	7.62531553757365e-06	0.000143846735361282	1.91189966350566e-05
rf_016_015_lag2	7.6217365314568e-06	0.000144224099861091	1.91189966350566e-05
rf_018_010_delta2	7.57671171750445e-06	0.000201638270926863	1.91189966350566e-05
rf_006_009_delta2	7.56434890798038e-06	3.39671287008148e-05	1.91189966350566e-05
rf_011_007_delta1	7.55899954797121e-06	0.00015305481348711	1.91189966350566e-05
rf_012_015	7.46157290610206e-06	8.95502051885839e-05	1.91189966350566e-05
rf_001_015	7.42096480685729e-06	6.54865525938302e-05	1.91189966350566e-05
rf_001_015_delta2	7.39382045933471e-06	0.000115637117606311	1.91189966350566e-05
rf_001_012_delta1	7.35091068426467e-06	8.96431651258379e-05	1.91189966350566e-05
rf_009_004_delta1	7.28720113890588e-06	2.29080188528181e-05	1.91189966350566e-05
rf_013_001_delta1	7.22784142102657e-06	6.90641890420505e-06	1.91189966350566e-05
rf_009_009_delta1	7.18004263396562e-06	1.95535342953187e-05	7.64759865402264e-05
rf_018_014_delta1	7.09078116361444e-06	8.84147487973702e-05	5.73569899051698e-05
rf_005_006_lag2	7.08314546717157e-06	6.64942190971392e-05	1.91189966350566e-05
rf_011_015_lag2	7.05845814645566e-06	1.82511343475377e-05	1.91189966350566e-05
rf_006_002_lag1	7.03582760800404e-06	4.69116198085188e-05	1.91189966350566e-05
rf_001_009	7.02988543296511e-06	2.98903430287862e-05	1.91189966350566e-05
rf_001_012_lag2	6.9557986578134e-06	1.23576664908783e-05	1.91189966350566e-05
rf_017_007	6.94862338435953e-06	8.95586124180513e-06	1.91189966350566e-05
rf_016_004_lag1	6.89138517832009e-06	0.000177633228731825	1.91189966350566e-05
rf_017_006_delta1	6.82877819339881e-06	9.61575669303051e-05	1.91189966350566e-05
rf_001_008_delta1	6.81880498404018e-06	3.6365831371147e-05	1.91189966350566e-05
rf_007_009_lag2	6.78646177277166e-06	6.6675334840523e-05	1.91189966350566e-05
rf_006_002_delta1	6.77709540318416e-06	3.47084061332848e-05	1.91189966350566e-05
rf_010_013_delta1	6.76334252602436e-06	8.47945957887003e-05	1.91189966350566e-05
rf_014_001_lag2	6.75290272430836e-06	0.000216215926410252	1.91189966350566e-05
rf_018_009_delta2	6.74974661808535e-06	8.45058675081336e-05	1.91189966350566e-05
rf_009_002	6.69498647596465e-06	1.03617902153135e-05	1.91189966350566e-05
rf_010_009_delta1	6.66726171991429e-06	0.000175307308648025	1.91189966350566e-05
rf_018_013_delta2	6.66204074023004e-06	6.60544008927152e-06	1.91189966350566e-05
rf_003_012_lag2	6.58801761582765e-06	5.43155064906388e-06	1.91189966350566e-05
rf_009_010_lag2	6.56780688467674e-06	9.19417016622297e-05	1.91189966350566e-05
rf_008_006_delta1	6.5463037196666e-06	7.35248247909058e-06	1.91189966350566e-05
rf_014_008_delta2	6.49504814465083e-06	0.000213303181709626	1.91189966350566e-05
rf_016_005	6.4705156355032e-06	2.21746682367032e-05	1.91189966350566e-05
rf_009_011_lag2	6.38600685926878e-06	7.43655477376475e-06	1.91189966350566e-05
rf_010_005_lag2	6.31546187072795e-06	3.57379314332091e-06	1.91189966350566e-05
rf_004_002_lag1	6.29175520308219e-06	1.29125436357278e-05	1.91189966350566e-05
rf_020_001_delta2	6.28491005046382e-06	5.73517173611574e-06	1.91189966350566e-05
rf_009_010_delta2	6.25147830349918e-06	0.000128282071138418	1.91189966350566e-05
rf_018_014_delta2	6.2382472895788e-06	6.56362012783502e-05	5.73569899051698e-05
rf_006_011_lag1	6.20956104858815e-06	0.000160897557547429	1.91189966350566e-05
rf_012_004_lag2	6.17431201878889e-06	2.22455291707857e-06	1.91189966350566e-05
rf_006_013_delta1	6.10370607656439e-06	8.00219317233258e-05	1.91189966350566e-05
rf_008_007	6.05499814976112e-06	0.000115068068274645	1.91189966350566e-05
rf_002_015_lag1	6.04665342864164e-06	0.000175289773569422	1.91189966350566e-05
rf_008_013_delta2	6.00268532501075e-06	0.000218302600764065	1.91189966350566e-05
rf_011_015_delta2	5.97670988574065e-06	2.43185117508945e-06	1.91189966350566e-05
rf_015_009_lag1	5.96752044365975e-06	0.000157888730224318	1.91189966350566e-05
rf_005_006_lag1	5.91086750086625e-06	1.90716799435576e-05	1.91189966350566e-05
rf_013_001_lag2	5.90899465847925e-06	6.71785675757869e-05	1.91189966350566e-05
rf_018_013_delta1	5.89438842974795e-06	7.30059786294881e-06	1.91189966350566e-05
rf_005_013_delta1	5.88216370998514e-06	4.83254755983822e-05	1.91189966350566e-05
rf_009_008_delta2	5.87502026190594e-06	0.000172101752155377	1.91189966350566e-05
rf_014_010_delta2	5.79713547890663e-06	6.08803516719105e-06	1.91189966350566e-05
rf_002_002_lag1	5.7709701662148e-06	1.46336236109862e-05	1.91189966350566e-05
rf_009_005_delta2	5.75716119008949e-06	2.54513258699899e-05	1.91189966350566e-05
rf_019_009_lag2	5.74875551528633e-06	2.50799665340863e-06	1.91189966350566e-05
rf_014_007_lag2	5.74249346826138e-06	0.000215146046408884	1.91189966350566e-05
rf_020_002_lag1	5.7257711218215e-06	0.000168563509582376	1.91189966350566e-05
Visa_status_lag1	5.72114133892761e-06	8.51673963639412e-05	1.91189966350566e-05
rf_004_012_lag2	5.64269148696141e-06	7.83745951608244e-06	3.82379932701132e-05
rf_015_002_delta2	5.63169375928834e-06	6.57003364288588e-05	5.73569899051698e-05
rf_011_007_lag2	5.56663184200043e-06	0.000194876456369498	1.91189966350566e-05
rf_009_011_delta2	5.50356743474499e-06	0.000212360851389607	1.91189966350566e-05
rf_009_005_delta1	5.3565908421768e-06	5.02183032613321e-05	1.91189966350566e-05
rf_013_008_delta2	5.33322616245539e-06	5.31457005618867e-06	1.91189966350566e-05
rf_011_012_delta1	5.25102877148258e-06	0.000196891789376116	1.91189966350566e-05
rf_005_003_delta1	5.23256304180687e-06	0.000167727590766758	1.91189966350566e-05
rf_015_007_lag1	5.16055894074968e-06	6.45483057852665e-06	1.91189966350566e-05
rf_018_011_delta1	5.13597572676784e-06	0.000203784276300061	1.91189966350566e-05
rf_020_006_delta2	5.12693624153706e-06	4.61412773827472e-06	1.91189966350566e-05
rf_020_002_delta1	5.09693833113069e-06	2.54515660765461e-05	3.82379932701132e-05
rf_006_005	5.02523367178723e-06	1.02721931698464e-05	1.91189966350566e-05
rf_001_007_delta2	4.95930444811756e-06	1.86294596735715e-05	7.64759865402264e-05
rf_008_009_lag2	4.91709482457149e-06	2.18972296642784e-06	1.91189966350566e-05
rf_002_004_lag2	4.90089409062822e-06	0.000213535221242927	1.91189966350566e-05
rf_011_008_delta1	4.74914638892611e-06	2.78639605205824e-06	1.91189966350566e-05
rf_005_012_delta1	4.72908345697278e-06	3.80102854549738e-06	1.91189966350566e-05
rf_004_004_delta2	4.71120299054302e-06	0.00021809746436506	1.91189966350566e-05
rf_013_005_delta2	4.67646910028281e-06	0.000217764297871594	1.91189966350566e-05
rf_018_011_delta2	4.6744678775709e-06	3.64465407740342e-06	1.91189966350566e-05
rf_006_015_delta2	4.61556072730756e-06	4.15124970445436e-06	1.91189966350566e-05
rf_001_008_lag2	4.4322125862168e-06	5.22088949926603e-06	1.91189966350566e-05
rf_020_013_lag2	4.25150783916909e-06	4.17358891418207e-06	1.91189966350566e-05
rf_001_003_lag2	4.16015256178348e-06	3.3316649346593e-06	1.91189966350566e-05
rf_019_000_delta1	4.10908038723187e-06	2.31366954943319e-06	1.91189966350566e-05
rf_011_012_lag1	3.73443342522225e-06	2.79047956351385e-06	1.91189966350566e-05
rf_004_008_delta1	3.67435493934735e-06	0.000218638649736206	1.91189966350566e-05
rf_013_007_delta1	3.6607816867598e-06	3.01423197062525e-05	1.91189966350566e-05
rf_005_006_delta2	3.60294985657091e-06	0.000218638649736206	1.91189966350566e-05
rf_002_002_delta2	3.56410395259487e-06	0.000163047886638638	7.64759865402264e-05
rf_009_009_lag1	3.54883620108639e-06	6.66933503322389e-06	1.91189966350566e-05
rf_016_013	3.43303391153423e-06	3.32061543307355e-06	1.91189966350566e-05
rf_019_010_delta1	3.3580301340617e-06	3.61751073655148e-06	1.91189966350566e-05
rf_005_003_lag2	3.04999159099757e-06	1.1336068007309e-05	3.82379932701132e-05
rf_010_007_lag2	2.89386297813437e-06	9.1528306178989e-06	1.91189966350566e-05
rf_004_012_delta1	2.74199817321309e-06	2.01276279646652e-05	3.82379932701132e-05
rf_013_014_lag2	2.66162162183021e-06	1.23588675236594e-05	1.91189966350566e-05
rf_016_002_delta1	2.47934610374824e-06	6.70752787566158e-06	1.91189966350566e-05
rf_002_008_delta2	2.28256603630996e-06	2.11357748810866e-06	1.91189966350566e-05
rf_013_008_lag2	2.0871323440439e-06	6.77070219994532e-06	1.91189966350566e-05
rf_010_004_delta2	2.01097139055445e-06	3.57499417610197e-06	1.91189966350566e-05
rf_017_002_delta2	1.87984154206304e-06	7.80774596507903e-05	1.91189966350566e-05
rf_002_012_lag2	1.50304596270377e-06	6.21126113052776e-06	1.91189966350566e-05
rf_010_009_delta2	1.30888407174471e-06	8.82735073423175e-06	1.91189966350566e-05
rf_014_004_lag2	1.19760813261879e-06	2.00853516107719e-05	1.91189966350566e-05
rf_014_013_delta1	8.11152105228569e-07	0.000169135441392716	0.000133832976445396
rf_017_003_delta1	6.78884395600656e-07	1.0621933915691e-05	1.91189966350566e-05
rf_011_002_delta1	4.23127222758756e-07	6.1334342063151e-06	1.91189966350566e-05
ctarjeta_master_lag1	3.49594660884689e-07	3.9775323230019e-05	1.91189966350566e-05
rf_014_004_delta1	2.0901798596612e-07	3.50516613021116e-05	1.91189966350566e-05
rf_013_007	1.65020821452861e-07	3.47146515037463e-06	1.91189966350566e-05
rf_003_008_lag1	1.38737815558756e-07	5.91941016473028e-06	1.91189966350566e-05
rf_005_003	7.84199651074637e-08	7.85931831269773e-06	1.91189966350566e-05
rf_005_007_delta1	3.49084177998049e-08	4.3960201852343e-06	1.91189966350566e-05
rf_002_014	8.87994510590155e-10	1.45603606113416e-05	1.91189966350566e-05
rf_007_002	2.27374556551826e-11	3.23942561707392e-06	1.91189966350566e-05
rf_015_002	1.46721534670228e-11	2.95574167418764e-05	5.73569899051698e-05
rf_014_002_delta1	1.04341430964491e-11	8.11835706291666e-05	5.73569899051698e-05
ctarjeta_visa_lag1	8.33627955832711e-12	2.87599309752529e-05	1.91189966350566e-05
rf_007_013	2.75457364078108e-12	3.30168715644405e-05	5.73569899051698e-05
